0
-0.000250575611795892
-0.000403840734889062
-0.000497722466035952
-0.000554480985326699
-0.000588777188847121
-0.000609481164131099
-0.000621952726390327
-0.000629447986346045
-0.000633925268854951
-0.000636575080805888
-0.000638114247088192
-0.000638974964550157
-0.000639421193887993
-0.000639609017325596
-0.000639636648565902
-0.000639555334058052
-0.000639411767246016
-0.000639220257660273
-0.000638992861068713
-0.000638737621444336
-0.000638460936714309
-0.00063816415135649
-0.000637850144209804
-0.00063751836458265
-0.000637170303633231
-0.000636806857912923
-0.000636428540110504
-0.000636034552873314
-0.000635625257758091
-0.000635204301206974
-0.000634770605803809
-0.000634322368637009
-0.000633858775478555
-0.000633381664832757
-0.000632889464150526
-0.000632384672231763
-0.000631866586124575
-0.000631334033720708
-0.000630785449322716
-0.000630223060183112
-0.000629648816901328
-0.000629060576498054
-0.000628460147830979
-0.000627845391019082
-0.000627220071636914
-0.000626578855418982
-0.000625925069145506
-0.000625260466954177
-0.000624583299473295
-0.000623891729787144
-0.000623189118916898
-0.000622472556010224
-0.000621746285619426
-0.000621005319200768
-0.000620256015525345
-0.000619493493220486
-0.000618717779865613
-0.000617928489880568
-0.000617129303585466
-0.000616318343860229
-0.000615496595096831
-0.000614663535142923
-0.00061381729083654
-0.000612963394333061
-0.000612095330661614
-0.000611220483386156
-0.000610333495442541
-0.000609430702598753
-0.000608520771444374
-0.000607604529154383
-0.000606673388497597
-0.00060573460650358
-0.000604787540186611
-0.000603825563428015
-0.000602858730048311
-0.000601877273111453
-0.000600892144352956
-0.000599891354482356
-0.000598884423784912
-0.000597866092221673
-0.000596841430406177
-0.000595805550568502
-0.000594763555926418
-0.000593710280533021
-0.000592652222139172
-0.000591584154255082
-0.00059050634719618
-0.000589420872203863
-0.000588325507824651
-0.000587226103932515
-0.00058611777040321
-0.000584999064398952
-0.000583872771792065
-0.000582743603927389
-0.000581604944041541
-0.000580456100546173
-0.000579304378747358
-0.000578146530941203
-0.000576977763646906
-0.000575803745741026
-0.00057462255182361
-0.000573435018796834
-0.000572233520912158
-0.000571034250470944
-0.000569832101372682
-0.000568621850375025
-0.000567402336005634
-0.00056618063904508
-0.000564951479450019
-0.000563715011263884
-0.000562477088651308
-0.000561232180102225
-0.000559979465557102
-0.000558725807450059
-0.000557463311930289
-0.000556199988469671
-0.000554929442468644
-0.000553652987776275
-0.000552374806101951
-0.000551092796075462
-0.000549805940299688
-0.000548511791435238
-0.000547217787985062
-0.000545917481068316
-0.000544612058414211
-0.000543307009517735
-0.00054199360280219
-0.000540680907210829
-0.000539364128986174
-0.000538044949638978
-0.000536718868895597
-0.000535392399779471
-0.000534064163990851
-0.000532729961115187
-0.000531395567961619
-0.000530057687947466
-0.000528716254910469
-0.00052737103563016
-0.000526028277534166
-0.00052467843947067
-0.000523329839602507
-0.000521980044979844
-0.000520623711894863
-0.000519270462121526
-0.000517913641009544
-0.000516552231420275
-0.00051519439060209
-0.000513829946192264
-0.000512467069838791
-0.000511105039300018
-0.00050973664075193
-0.000508372309886833
-0.000507004218695462
-0.000505635059750823
-0.000504268511238763
-0.000502894990314718
-0.000501526366006828
-0.00050015180793964
-0.000498782318908053
-0.000497410592809377
-0.000496036777072955
-0.00049466872725907
-0.00049329137249386
-0.000491919219027277
-0.000490542873174151
-0.000489168867797053
-0.000487794411398499
-0.000486424633743911
-0.000485051420734006
-0.000483677499519821
-0.000482309199200306
-0.000480934891792707
-0.000479565606121712
-0.000478193968480837
-0.000476827998015887
-0.000475457328992672
-0.000474092562614638
-0.000472724260422369
-0.000471359394610235
-0.000469996522001374
-0.000468631466106946
-0.000467270007966248
-0.000465906060155233
-0.000464547671697682
-0.000463190103231917
-0.000461830105636854
-0.000460477235475574
-0.000459120167344701
-0.000457770141447382
-0.000456416468895952
-0.000455069171937677
-0.000453720944472862
-0.000452375670157158
-0.000451029026527826
-0.000449689305207006
-0.000448348059563969
-0.000447009177609568
-0.000445673426834656
-0.000444341818382738
-0.000443006578390543
-0.000441678805297058
-0.000440348458205338
-0.000439023465133269
-0.000437702151396227
-0.000436380893847642
-0.000435061200908
-0.000433747203535383
-0.000432432484307395
-0.000431123994068532
-0.000429811818480074
-0.00042850620225068
-0.000427201021340943
-0.000425903614596714
-0.000424604696834986
-0.000423311762022806
-0.000422017698998986
-0.000420726955912682
-0.000419442655494806
-0.000418155905659107
-0.000416877385760339
-0.00041559638946314
-0.000414323551794251
-0.000413048603529262
-0.000411782114631715
-0.000410513131190371
-0.000409251735135828
-0.000407992637988723
-0.000406734429231301
-0.000405479702864826
-0.000404231331669158
-0.000402983727270476
-0.000401736666039635
-0.000400497723469051
-0.000399258326462465
-0.000398023342550541
-0.000396791994820419
-0.000395566566043359
-0.000394339082458442
-0.000393118187852916
-0.000391900343500485
-0.000390685284561408
-0.000389474178733375
-0.000388268408509322
-0.000387062632916475
-0.000385861180704697
-0.000384663392666614
-0.000383472523350696
-0.000382279540336181
-0.00038109709568709
-0.000379910594968984
-0.000378730888890008
-0.000377554657972696
-0.000376381716549604
-0.000375214781854878
-0.000374046659547482
-0.000372887110643378
-0.00037172636187758
-0.000370572892325044
-0.000369421282451916
-0.000368275170328484
-0.000367130565845094
-0.000365992745525824
-0.000364853859590982
-0.00036372264712877
-0.000362592828829511
-0.000361469684952556
-0.000360346280668634
-0.000359228425586655
-0.000358114977883101
-0.000357004770555129
-0.000355899195267537
-0.000354796349748485
-0.000353695310962157
-0.000352599980456375
-0.000351508036627221
-0.000350419511476335
-0.000349334902740874
-0.000348255519076181
-0.000347179806814177
-0.000346107126869099
-0.000345035327874664
-0.000343972059640226
-0.000342910899449139
-0.000341850255205709
-0.000340797247609276
-0.000339747697173042
-0.000338698458519778
-0.000337655101680663
-0.000336618176066301
-0.000335580642333675
-0.000334549566111584
-0.000333523068452557
-0.000332499225229783
-0.000331476326003804
-0.00033046158804309
-0.000329445546057695
-0.000328438681345107
-0.000327429745977514
-0.000326428629932752
-0.000325433357542387
-0.000324436996981342
-0.000323448285043047
-0.000322459440476721
-0.000321477085266173
-0.000320497018704313
-0.000319521353152877
-0.00031854940636757
-0.000317581004211808
-0.000316616390499291
-0.000315655103348485
-0.000314697842023534
-0.000313744220792934
-0.000312794262835969
-0.000311847880907328
-0.000310905317558245
-0.000309966283874217
-0.000309031041636488
-0.000308099863943428
-0.000307171413921078
-0.000306247040446577
-0.000305326240173418
-0.000304409836111038
-0.00030349578739509
-0.000302585432797385
-0.000301678968246738
-0.000300776323533579
-0.000299876603985131
-0.000298979989486921
-0.000298088441134431
-0.000297200256407816
-0.000296315605682941
-0.000295417218992229
-0.000294545431598576
-0.000293675692401311
-0.000292809483639808
-0.000291942087532001
-0.000291079232050774
-0.000290219594971685
-0.000289362686082807
-0.000288509592963196
-0.000287659924977292
-0.00028681341868459
-0.000285970528057592
-0.000285130716173282
-0.000284294462401581
-0.000283463454522473
-0.000282633104748383
-0.00028180679675154
-0.000280987270675669
-0.000280165854839906
-0.000279349279600622
-0.00027853652928486
-0.00027772714987893
-0.00027692009444976
-0.000276117654565685
-0.000275319221011187
-0.000274521600710911
-0.000273729683890503
-0.000272941138412841
-0.00027215500333826
-0.000271373200137095
-0.000270593113446846
-0.000269817869369436
-0.00026904417350244
-0.00026827438191462
-0.000267507560546848
-0.000266744145638528
-0.000265983959396633
-0.000265228566770504
-0.000264473677345537
-0.000263722529966312
-0.000262974883335757
-0.000262230558469361
-0.000261488832203153
-0.000260753358266627
-0.000260017009566678
-0.000259284877469468
-0.000258555456211651
-0.000257829418073373
-0.000257107871690707
-0.0002563868629829
-0.000255671870463535
-0.000254956985044162
-0.000254245915696301
-0.000253538133000743
-0.000252833547034109
-0.000252132043070426
-0.000251433532114588
-0.000250737778561639
-0.000250046411560902
-0.000249355579774877
-0.000248668624420826
-0.000247984640655347
-0.00024730361311103
-0.000246625448210691
-0.000245952859211717
-0.000245279162612321
-0.000244609185209791
-0.00024394237991917
-0.000243278570362621
-0.000242618480409585
-0.000241959806024677
-0.000241304168644869
-0.00024065256610523
-0.000240001889820454
-0.000239355658369893
-0.000238710839593426
-0.000238069273734676
-0.000237430532149935
-0.000236794635582749
-0.00023616142274295
-0.000235530968506176
-0.000234903237075418
-0.000234277973691252
-0.000233655467363322
-0.000233035781491927
-0.000232418858037934
-0.000231804209036613
-0.000231193128605997
-0.000230583744641264
-0.000229977063392431
-0.000229371780995427
-0.000228770777830008
-0.000228166614526595
-0.000227572971161658
-0.000226980935781345
-0.00022639101010419
-0.000225802829077999
-0.000225217491070421
-0.000224634268683644
-0.000224054192741063
-0.000223476107539392
-0.000222899649045091
-0.000222326130479105
-0.000221755453514109
-0.000221186748184246
-0.000220620111924053
-0.000220056791971761
-0.00021949564422575
-0.000218937847109029
-0.000218381077544287
-0.000217828862904568
-0.000217276360194207
-0.000216726683847726
-0.000216179635689452
-0.000215635049083256
-0.000215092258051881
-0.00021455271252664
-0.000214015064201507
-0.000213480138384483
-0.000212947403682812
-0.000212417332097146
-0.000211889103962478
-0.000211363299797704
-0.000210839515059548
-0.000210318035026774
-0.000209798914004115
-0.00020928704836493
-0.000208770511102217
-0.000208257345732401
-0.000207746430310285
-0.000207237897965034
-0.000206731881061446
-0.000206228086911348
-0.000205726189642755
-0.000205226974136308
-0.000204730307283178
-0.000204235195299325
-0.000203742318358298
-0.000203251561282506
-0.000202764374575277
-0.000202277520491004
-0.000201792739555999
-0.000201310083123873
-0.000200829995421784
-0.000200351891232836
-0.000199875779783482
-0.000199403267220622
-0.000198930847543302
-0.000198460703333069
-0.00019799251605504
-0.000197526827806853
-0.000197063904258403
-0.000196601572004542
-0.000196141395268568
-0.000195683197040619
-0.00019522722004414
-0.000194772263595851
-0.000194320843280837
-0.000193871193905745
-0.000193423155949098
-0.000192977192805121
-0.000192533047914092
-0.000192090831388704
-0.000191650430806768
-0.000191217646453475
-0.000190779103939748
-0.000190342949365053
-0.000189909742157589
-0.000189478309557275
-0.000189050089354179
-0.000188622375534725
-0.000188196475251763
-0.000187772976555299
-0.000187351269590656
-0.000186929831382202
-0.000186512281480893
-0.000186095982564223
-0.000185681555515486
-0.000185268959508321
-0.000184857983540424
-0.000184450693910923
-0.000184042817593965
-0.000183636729876167
-0.000183232609260409
-0.00018282841362612
-0.000182428752872376
-0.000182030574313834
-0.000181634147554969
-0.000181239339614929
-0.000180845604652703
-0.000180453700347893
-0.000180063392131843
-0.000179674968772761
-0.000179288313865086
-0.000178903305551882
-0.000178519837313387
-0.000178138056788501
-0.000177757392695152
-0.000177379443245081
-0.000177002309757263
-0.000176627139857729
-0.000176253863574601
-0.000175881571463674
-0.000175510896719951
-0.000175143048127081
-0.00017477555764329
-0.000174409545595662
-0.000174045233819023
-0.000173682524135728
-0.000173321422664506
-0.000172962132338673
-0.000172604265029044
-0.000172247900836095
-0.000171897511282226
-0.000171542983596285
-0.000171189985542423
-0.000170839060440987
-0.000170490320004426
-0.000170142549436314
-0.000169796721521154
-0.000169452522808229
-0.000169110101122369
-0.000168768628952886
-0.000168429088050774
-0.000168089285918645
-0.000167752739465888
-0.000167418447706155
-0.000167084653924428
-0.000166751450766493
-0.000166418564124913
-0.000166089506711151
-0.00016576255970822
-0.000165435438796894
-0.000165109280692313
-0.00016478970012431
-0.000164465461873992
-0.00016414296126763
-0.000163822003046392
-0.000163499792916541
-0.000163183893121144
-0.000162868685374816
-0.000162554441039344
-0.000162242259922281
-0.000161930321048365
-0.000161619898987352
-0.000161306974461338
-0.00016100141973706
-0.000160695489455442
-0.000160390558516381
-0.000160087785313724
-0.000159785025044075
-0.000159483765590361
-0.000159183964060525
-0.000158885130144309
-0.000158587856304102
-0.000158290480103627
-0.000157996468601567
-0.000157703244523647
-0.000157411031612331
-0.000157120910927485
-0.000156831148674936
-0.000156542374261898
-0.000156255811052757
-0.000155969437509754
-0.000155684458134711
-0.000155400758345963
-0.000155118350611697
-0.000154837140723247
-0.000154557239981531
-0.000154278651051992
-0.000154001140258705
-0.000153724783421211
-0.000153449773408438
-0.000153175936020558
-0.000152903053031141
-0.000152631439937788
-0.000152361026059886
-0.000152091757607435
-0.000151821715311996
-0.00015155642338158
-0.000151290692867163
-0.000151025178847419
-0.000150762339075469
-0.000150500028826412
-0.000150239385020747
-0.000149979128105054
-0.00014972026745588
-0.000149463194768661
-0.000149206608364696
-0.000148950518940964
-0.000148696702796323
-0.000148442699837664
-0.000148190413374496
-0.000147936636169658
-0.000147688101907426
-0.000147438973890113
-0.000147190754874238
-0.000146944582010199
-0.000146698805330289
-0.000146453520774792
-0.000146209643551628
-0.000145966913354063
-0.00014572523557363
-0.000145484788392398
-0.000145245261788285
-0.000145006260967444
-0.000144768979818897
-0.00014453247053832
-0.00014429717264029
-0.000144063063637697
-0.000143830160281103
-0.000143598138600332
-0.000143366047877979
-0.000143136606515104
-0.000142906735370577
-0.000142678200768266
-0.000142450864565487
-0.000142224433818031
-0.00014199902858996
-0.000141774682738865
-0.000141551170497558
-0.000141328658372254
-0.000141108311104614
-0.000140887973186
-0.000140667629772577
-0.000140448816514582
-0.000140230899984732
-0.000140014217944146
-0.000139798424063416
-0.000139583462729822
-0.000139369067975185
-0.00013915646706503
-0.000138944582435959
-0.000138733267730951
-0.000138523390272839
-0.000138314098842017
-0.000138106954655158
-0.000137899283314049
-0.000137692502826601
-0.000137486650911111
-0.00013728182921187
-0.00013707845583503
-0.000136875997746746
-0.000136673203902643
-0.000136473181049183
-0.000136272437074365
-0.000136072955335668
-0.00013587269514505
-0.000135676375695658
-0.000135479529918719
-0.000135284183668408
-0.000135090584692533
-0.000134897020407508
-0.000134703004783452
-0.000134509976635262
-0.0001343182882938
-0.000134127292699285
-0.000133937468246238
-0.000133748035703519
-0.000133561139628421
-0.000133373408824022
-0.000133186923880602
-0.000133001037073574
-0.000132816298893378
-0.000132633356821523
-0.000132449502347379
-0.000132266656727377
-0.00013208623746748
-0.000131904982805804
-0.000131724711895932
-0.000131545507644525
-0.000131365032771428
-0.000131189479808004
-0.000131012677239191
-0.000130836569251111
-0.000130661352180314
-0.000130488312505705
-0.000130313949952358
-0.000130142241046209
-0.000129970064207009
-0.000129798143991156
-0.000129627864192882
-0.000129457544907444
-0.000129289394948257
-0.000129122379106499
-0.000128953938768822
-0.000128787283308115
-0.00012862134103786
-0.00012845723530289
-0.000128291798195786
-0.000128128525226691
-0.00012796662612275
-0.000127803532252435
-0.000127642054345214
-0.000127482473682
-0.000127321375787874
-0.00012716333136579
-0.000127004000920301
-0.000126847354619015
-0.000126689189888212
-0.000126534079985804
-0.000126377689707029
-0.00012622282453237
-0.000126069826176313
-0.000125915072309081
-0.000125763626544392
-0.000125610695273496
-0.000125460418111018
-0.000125309033008574
-0.000125159616523448
-0.000125008651723115
-0.000124861902551284
-0.000124713870221714
-0.000124567946854705
-0.00012441979930466
-0.000124275554007125
-0.000124130417351375
-0.000123987055793204
-0.000123842601338017
-0.000123698772246265
-0.000123556494389158
-0.000123415249406579
-0.000123273674693722
-0.000123134038521136
-0.00012299568884685
-0.000122855551557204
-0.000122718426992909
-0.00012257969039308
-0.000122442993136793
-0.000122307805943483
-0.000122170878397197
-0.000122037048856279
-0.000121901596040827
-0.000121769096172964
-0.000121634532220402
-0.000121503426891839
-0.00012137077377686
-0.000121238908870866
-0.00012110996701063
-0.000120979564559667
-0.000120851526439277
-0.000120721642213629
-0.000120594916686374
-0.00012046605614189
-0.000120340715607727
-0.000120213684026042
-0.000120088710834745
-0.000119963752628204
-0.000119838828650777
-0.000119716670994485
-0.000119593546644142
-0.000119472134517646
-0.000119348337857309
-0.000119227868461714
-0.000119107057116544
-0.000118988271840607
-0.000118868716282655
-0.000118748586730285
-0.000118631898138488
-0.000118513747789317
-0.000118397581164426
-0.000118282730912932
-0.000118167321051273
-0.000118050864901239
-0.000117935024178754
-0.000117821776922142
-0.000117708372595237
-0.000117594989060952
-0.000117482720838602
-0.000117370230090532
-0.000117259670432866
-0.000117150371183449
-0.000117039191119298
-0.000116931055461256
-0.000116821588941207
-0.000116712575106889
-0.00011660634737672
-0.000116498110664581
-0.000116392881508714
-0.000116285759227744
-0.000116181647686254
-0.000116075610145608
-0.000115972552037208
-0.000115868036968291
-0.000115764173027892
-0.000115663007140371
-0.000115559778599136
-0.000115458044320835
-0.000115358524097783
-0.000115256834084928
-0.000115157471182837
-0.000115057172814402
-0.000114960054784647
-0.000114860834257617
-0.000114764506698971
-0.000114665333709181
-0.000114570328349362
-0.000114472871979454
-0.000114378901309811
-0.000114283857159034
-0.000114189411396794
-0.000114095574141769
-0.000114002171483724
-0.000113908489554842
-0.000113817304726566
-0.000113725343300937
-0.00011363272430631
-0.000113543338357847
-0.000113452689650146
-0.000113363960504218
-0.000113272037718296
-0.000113184968797425
-0.000113094935673733
-0.000113008126118481
-0.000112918835082427
-0.000112834466222328
-0.000112748969858101
-0.000112663738053766
-0.000112575869177968
-0.000112492542017055
-0.000112406385214635
-0.000112324295808596
-0.000112240829543591
-0.000112159124222253
-0.000112078425886332
-0.000111996298392419
-0.000111914349001287
-0.000111834919836349
-0.000111754954338879
-0.000111674300768359
-0.000111595581515743
-0.000111518323873171
-0.000111438761375284
-0.000111362463853364
-0.000111284444386948
-0.000111207072516705
-0.000111131435065453
-0.000111055610441873
-0.000110980959724207
-0.000110905638356251
-0.000110832123611899
-0.000110757266759399
-0.000110685469553844
-0.00011061126831103
-0.000110540397420616
-0.000110467182757844
-0.000110397246903057
-0.00011032495402671
-0.000110255969141364
-0.000110184411951875
-0.000110116440275281
-0.000110046070272441
-0.000109978961637391
-0.00010990893748323
-0.000109843005097771
-0.000109774879906448
-0.000109709672963986
-0.000109642624317724
-0.000109576195547923
-0.000109511360156019
-0.000109445699559743
-0.000109383004845169
-0.000109318027465011
-0.000109256585148862
-0.000109192208645482
-0.000109131093514848
-0.00010906806822612
-0.000109006249952401
-0.000108944735322142
-0.000108883892238784
-0.000108824404200149
-0.000108763576687888
-0.000108705825981979
-0.000108645536168517
-0.000108588669029433
-0.000108529595475487
-0.000108472470916834
-0.000108414473498417
-0.000108359399325547
-0.000108301831651293
-0.000108247584339952
-0.000108190791212956
-0.000108137427115117
-0.000108081662805274
-0.000108029118623371
-0.00010797466755959
-0.000107921781591086
-0.000107868008802933
-0.000107817484224435
-0.000107764984791068
-0.000107714880514279
-0.000107663164701296
-0.000107610656980311
-0.000107562643130799
-0.00010751274431709
-0.000107461229388497
-0.000107414798024783
-0.000107366115680283
-0.000107317599146128
-0.000107269617012848
-0.000107223674564159
-0.000107176835445843
-0.000107132468799232
-0.000107084633006702
-0.000107041306740157
-0.000106995991000008
-0.000106951045117494
-0.000106907555683272
-0.000106863903596205
-0.000106820768389802
-0.000106777167483142
-0.000106736577582407
-0.000106694085190299
-0.000106652283210828
-0.000106611501478617
-0.000106568837362395
-0.000106530910026064
-0.000106490845284721
-0.00010644949277987
-0.000106412109434783
-0.000106373140954233
-0.000106337493680237
-0.000106299502533274
-0.00010626186300952
-0.000106224003649989
-0.000106188169710197
-0.000106151170771837
-0.000106115781868666
-0.000106080237942815
-0.000106046023739458
-0.000106011816209354
-0.000105978910370231
-0.000105945264314199
-0.000105911498724864
-0.000105876945124792
-0.000105845264863696
-0.000105814153360321
-0.00010578290984865
-0.00010575221513413
-0.000105720913591162
-0.000105692464144718
-0.000105661820101842
-0.000105632589134379
-0.000105603112692885
-0.000105573808173906
-0.000105547505317745
-0.000105517704157627
-0.000105489844468179
-0.000105464953090709
-0.000105438104119736
-0.000105411978542056
-0.000105385426623772
-0.0001053618645236
-0.000105333740595153
-0.000105308998972789
-0.000105287337990259
-0.00010526388568043
-0.000105239912299112
-0.000105217967296675
-0.000105195172814583
-0.000105172668211687
-0.000105151634887697
-0.00010513048491088
-0.000105109273246413
-0.000105088167745439
-0.000105069930240047
-0.000105049884446906
-0.00010502924985577
-0.000105011848381873
-0.000104993235578352
-0.000104974273524098
-0.000104956358108984
-0.000104940925242652
-0.000104923079109827
-0.000104904990296162
-0.000104890662713613
-0.000104874097359567
-0.000104858655615819
-0.000104846045869075
-0.000104830582069836
-0.000104814989308034
-0.000104802839912655
-0.000104789383307709
-0.000104775799194403
-0.00010476292301761
-0.000104750995623862
-0.00010473822673367
-0.000104728645963264
-0.000104717210253159
-0.000104706367090858
-0.000104696231639344
-0.000104685857929615
-0.000104677141859699
-0.000104668512852317
-0.000104658784112112
-0.000104652333210526
-0.00010464405732126
-0.000104634421919226
-0.000104626889289412
-0.000104625325728891
-0.000104617035130079
-0.000104612044536466
-0.000104605086211416
-0.000104601546467159
-0.000104595287735912
-0.000104592659521941
-0.000104587338998545
-0.000104584892720344
-0.00010458175404355
-0.000104577704282042
-0.000104577906013331
-0.000104574802231371
-0.000104573571333521
-0.000104570737531103
-0.000104572148880271
-0.000104571208977985
-0.000104570126329929
-0.000104571604856254
-0.000104573949824559
-0.000104574461443121
-0.00010457612978165
-0.000104577218607705
-0.000104580387486677
-0.000104584817589935
-0.000104586513011721
-0.000104591937769789
-0.000104594228286187
-0.000104599434558871
-0.000104605823670726
-0.000104609471569556
-0.000104614803229103
-0.0001046201385217
-0.000104626220740338
-0.000104634566871592
-0.000104640414509783
-0.000104649100546427
-0.000104654428591214
-0.000104663230153982
-0.000104671933500315
-0.00010468272612559
-0.0001046919140689
-0.000104703243332264
-0.000104712891803698
-0.000104723282329596
-0.000104735109087039
-0.000104745813724285
-0.000104758306778131
-0.000104769886921003
-0.000104783131169086
-0.000104796076798501
-0.000104809536542579
-0.00010482350011281
-0.000104837892721389
-0.000104852525595805
-0.000104868150291192
-0.000104883464876097
-0.000104899392402659
-0.000104916033466862
-0.000104932405757108
-0.000104948521364198
-0.000104967645649332
-0.000104986051973493
-0.000105002830861814
-0.000105022185628294
-0.000105040087477436
-0.000105060726672257
-0.000105079749770166
-0.000105101946661138
-0.000105122033198025
-0.000105143633436337
-0.000105164089059707
-0.00010518669926663
-0.000105208385685896
-0.000105232764216991
-0.000105255000975549
-0.000105278240736624
-0.000105300896308772
-0.000105325694256097
-0.000105350221906394
-0.000105376173481471
-0.000105401590376283
-0.000105427520416847
-0.000105454009698477
-0.000105480638452703
-0.000105507795276702
-0.000105536524427552
-0.000105564038779105
-0.000105592569226484
-0.000105620953000768
-0.000105649931304961
-0.000105679906960605
-0.000105709550236606
-0.000105741774815811
-0.000105771533383031
-0.000105801487347771
-0.000105834068350264
-0.000105865079541514
-0.000105899296091304
-0.000105930471958222
-0.000105965906599261
-0.00010599766649537
-0.000106033882791711
-0.000106065995350434
-0.000106103149682136
-0.000106137795730513
-0.00010617237602462
-0.000106210091905973
-0.000106246788896763
-0.000106282390887983
-0.000106320364256419
-0.000106358203170334
-0.000106395576823175
-0.000106434194613823
-0.00010647484830938
-0.000106513827081607
-0.000106555663462928
-0.000106595328641688
-0.000106635930952773
-0.000106675387411791
-0.000106719445795315
-0.000106761161455027
-0.000106802359098214
-0.000106846323638407
-0.000106888653585254
-0.000106934301272578
-0.000106976930000931
-0.000107023529690025
-0.000107067378194808
-0.000107113388193939
-0.00010715990867533
-0.00010720513420335
-0.000107252520558443
-0.000107299472058871
-0.000107348092974704
-0.000107395296008046
-0.00010744408459297
-0.000107491721955852
-0.000107541305641828
-0.000107590199144412
-0.000107642734131334
-0.000107691892264499
-0.000107746103171077
-0.000107795265570549
-0.000107849102359372
-0.000107900416154752
-0.000107952980395188
-0.000108005152270691
-0.000108059460629401
-0.000108113322293977
-0.000108168682512626
-0.000108222649856747
-0.000108278080175981
-0.000108333133230952
-0.000108392508134291
-0.000108448103319029
-0.000108507313356464
-0.000108563980347144
-0.000108623796849921
-0.000108681367151774
-0.000108740111220893
-0.000108798224857187
-0.000108860692562714
-0.000108919640704661
-0.000108981061011031
-0.000109041136358943
-0.00010910539563249
-0.000109166009628086
-0.000109229811584781
-0.00010929157235633
-0.000109357139523693
-0.000109420191284731
-0.000109485439222956
-0.000109549060910602
-0.00010961671563674
-0.000109681993961002
-0.000109749345180349
-0.000109815084830791
-0.000109883046442914
-0.000109951309881724
-0.000110018907012867
-0.000110087059675781
-0.0001101570835175
-0.000110226047382177
-0.00011029800063038
-0.000110368376121024
-0.000110438043354942
-0.000110510845150331
-0.000110582218208972
-0.000110654910995995
-0.000110727676387894
-0.000110800944041525
-0.000110873372212708
-0.000110949418956669
-0.0001110234792081
-0.000111101221996804
-0.000111175990759124
-0.000111252911968901
-0.000111328652617887
-0.000111408162437658
-0.000111484221764043
-0.000111564814740624
-0.000111642169827906
-0.000111721834012597
-0.000111800857370544
-0.000111882274490259
-0.000111961809095778
-0.000112045682864994
-0.000112124642099621
-0.000112206051609808
-0.000112291777637002
-0.00011237451285943
-0.00011245876581996
-0.000112542056586899
-0.000112629253118334
-0.000112713950200892
-0.000112798467565402
-0.000112886467495654
-0.000112971927447795
-0.00011306119349499
-0.000113147898992585
-0.000113238225822498
-0.000113325775043274
-0.000113415789910968
-0.000113505000742846
-0.000113597427782721
-0.000113687106542712
-0.000113777128731625
-0.000113871626293701
-0.000113963595991762
-0.000114055410735949
-0.000114150769364235
-0.000114243658263773
-0.000114340425178263
-0.000114434466828406
-0.000114530763747681
-0.000114625824124837
-0.000114724718047333
-0.000114821375592294
-0.000114917459172202
-0.000115018472053269
-0.000115116895856619
-0.000115214973805121
-0.000115317442853976
-0.000115417446420542
-0.000115517307389685
-0.000115621146584708
-0.000115722999024155
-0.000115825162986414
-0.000115928206720374
-0.000116034189704577
-0.000116138109151702
-0.000116243891958953
-0.000116348510402057
-0.000116454929223486
-0.000116560466948302
-0.000116672960811769
-0.000116778530753668
-0.000116887838170215
-0.000116994735846481
-0.000117105968548926
-0.000117214133593825
-0.000117327258840545
-0.00011743707091462
-0.000117549159412029
-0.000117660319080705
-0.000117775542307699
-0.000117887412113621
-0.000118003684845005
-0.000118116637932493
-0.000118234072630763
-0.000118348073942056
-0.000118466728549318
-0.000118582580449033
-0.000118702244771625
-0.000118819344730277
-0.000118936098096936
-0.000119055283006904
-0.000119179188700007
-0.000119299066198504
-0.000119420599893365
-0.000119541562268661
-0.000119666244117767
-0.000119788932103359
-0.000119912969235667
-0.000120037415564757
-0.000120161977219816
-0.000120287255044875
-0.000120415617803864
-0.000120541361382614
-0.000120668899416935
-0.000120797987276896
-0.000120925490383738
-0.000121057133106444
-0.000121185657006183
-0.000121318351769107
-0.000121447998102406
-0.000121581832655617
-0.000121713423695269
-0.000121847542139437
-0.00012198109811275
-0.000122114774600281
-0.000122250298502204
-0.000122388193050863
-0.000122523954100256
-0.000122659799817495
-0.000122800746978777
-0.000122937363501553
-0.000123078430529503
-0.000123216991048717
-0.000123357619576436
-0.000123497539175801
-0.000123640240829616
-0.000123781706351832
-0.000123927578850521
-0.000124069882130619
-0.000124216453214445
-0.000124360605822967
-0.000124508176150677
-0.000124652656723615
-0.000124800513634649
-0.000124948318315142
-0.000125097239752556
-0.000125245693185345
-0.000125398254178388
-0.00012554739091252
-0.000125701384553592
-0.000125853095629536
-0.000126002999991834
-0.000126159466084005
-0.000126313416899193
-0.000126467490557576
-0.000126625154100134
-0.000126780351703608
-0.000126940361510128
-0.00012709684716635
-0.000127255631070785
-0.000127415851773988
-0.000127576805081099
-0.000127736172291418
-0.00012789881595268
-0.000128061804588339
-0.000128224254568679
-0.00012838784934177
-0.000128552850990098
-0.000128717189273577
-0.000128884318798713
-0.000129051233474426
-0.000129218997869223
-0.000129388037239274
-0.000129556470835265
-0.000129727902912836
-0.000129898663798626
-0.000130069752445459
-0.000130243929449208
-0.000130416189826979
-0.000130589558664235
-0.000130762578121223
-0.000130940704127644
-0.000131116388306797
-0.000131292057263748
-0.000131471262125779
-0.000131649663582257
-0.000131831179575203
-0.000132010444735491
-0.000132190451782808
-0.000132374464000604
-0.000132556432061774
-0.000132740224293461
-0.000132922975573497
-0.00013311055281562
-0.000133295930895217
-0.000133482321858093
-0.000133671895596988
-0.00013385965135051
-0.000134047774826786
-0.00013424003985319
-0.000134426899514563
-0.000134619853140413
-0.00013481337086924
-0.000135007536872264
-0.000135202443166459
-0.000135397210899647
-0.00013559584314309
-0.000135792348962686
-0.000135990617490417
-0.000136188535352882
-0.000136390208954254
-0.000136589902538622
-0.000136792051384746
-0.000136993249295418
-0.00013719855631496
-0.000137400996374499
-0.00013760814847842
-0.000137813345264282
-0.00013801977459935
-0.000138227653413476
-0.000138435823835967
-0.000138647526609677
-0.000138857271709914
-0.000139067895615447
-0.000139282248495486
-0.000139494529767678
-0.000139709537837509
-0.000139923820434468
-0.00014014115158592
-0.000140358775780702
-0.000140575433360772
-0.000140796510642765
-0.000141018620071648
-0.000141237797069776
-0.000141459551201676
-0.000141681727228934
-0.000141904644059416
-0.000142132175438138
-0.000142356464885
-0.000142584919196774
-0.000142810909802155
-0.00014304157039202
-0.000143270482927474
-0.000143501218091255
-0.000143732291493896
-0.000143966875123682
-0.0001442000751446
-0.000144434296001017
-0.000144670912417955
-0.000144907498038693
-0.000145146173013989
-0.000145383855249172
-0.000145625974303112
-0.000145866896187036
-0.000146108447194338
-0.000146351182070234
-0.00014659715130195
-0.000146841541856063
-0.000147088548035378
-0.000147335400106655
-0.000147584168722348
-0.000147833261111176
-0.000148085682670408
-0.000148336766335531
-0.000148589135002265
-0.000148843023055133
-0.000149098060742994
-0.00014935605419126
-0.000149612629041608
-0.000149870126484005
-0.000150131282374742
-0.000150390616400734
-0.000150654335138153
-0.000150916031616336
-0.000151180565304828
-0.000151444557393871
-0.000151713013295461
-0.00015197976474468
-0.000152247628030661
-0.000152518523032875
-0.000152789107370404
-0.00015306096499894
-0.000153335141238082
-0.000153608602414912
-0.000153886160458977
-0.000154161634643797
-0.000154441473796565
-0.000154719661582945
-0.000155000817487334
-0.00015528146301685
-0.000155566336784762
-0.00015584947376868
-0.000156135935658994
-0.000156422927439432
-0.000156709958584962
-0.000156998931196796
-0.000157289845713987
-0.000157580320448307
-0.000157875198912394
-0.000158167730903525
-0.000158462918859952
-0.000158760024388955
-0.000159057087799852
-0.00015935735713818
-0.000159657859369842
-0.000159959812049056
-0.000160263344461604
-0.000160567523710333
-0.000160873950671569
-0.000161181603757507
-0.000161489210637958
-0.000161800599013158
-0.000162110370773645
-0.0001624244937199
-0.000162737421672443
-0.00016305228341169
-0.000163367983605429
-0.000163687592326393
-0.00016400575995434
-0.000164327199719691
-0.000164649521958405
-0.000164972014853417
-0.000165298282062454
-0.000165623619443987
-0.000165951476594887
-0.000166279669502266
-0.000166611699765108
-0.000166942538791491
-0.000167275468662009
-0.000167610524787985
-0.000167948266300591
-0.000168284618093102
-0.000168625297770515
-0.000168964589167279
-0.000169306889480983
-0.000169649901456152
-0.000169995659689171
-0.000170341574680887
-0.000170691104349821
-0.000171039492582326
-0.00017139199497309
-0.000171743718391341
-0.000172098386177548
-0.000172453347936453
-0.000172811569171978
-0.000173169510854004
-0.000173529347969542
-0.000173891019995782
-0.000174253890564138
-0.000174620204771759
-0.000174986192451336
-0.000175353906043034
-0.000175724194622364
-0.000176095255638573
-0.000176469482804384
-0.000176843271776676
-0.000177218667540362
-0.000177597644233554
-0.000177976510056167
-0.000178356315744541
-0.000178740545015036
-0.000179124294915504
-0.000179510109367713
-0.000179898221689574
-0.00018028665108394
-0.000180679199902694
-0.000181070569806753
-0.000181465148722674
-0.000181861151021973
-0.000182259354930539
-0.000182658641606714
-0.000183061287174219
-0.000183463767947937
-0.000183868138522212
-0.000184275832935287
-0.000184683255424441
-0.000185094580143541
-0.00018550567688257
-0.000185919032686306
-0.000186333908072514
-0.000186751740612762
-0.000187171096585208
-0.000187591236116412
-0.000188015153551016
-0.000188438251826904
-0.000188864940912713
-0.000189292982596644
-0.000189721371749379
-0.000190155158635665
-0.000190588873207362
-0.00019102432940597
-0.000191463133076646
-0.000191902002948643
-0.000192344354264586
-0.000192786926989978
-0.000193233012399188
-0.000193679580563531
-0.000194129266306627
-0.000194579493595416
-0.000195032140123506
-0.000195486645191612
-0.000195944143274295
-0.000196402897194866
-0.000196864634849744
-0.000197326983849895
-0.000197791607221069
-0.000198259538848724
-0.000198727808930371
-0.000199198512694917
-0.00019967246393837
-0.000200146962199135
-0.00020062438340633
-0.000201104267257898
-0.000201584971934402
-0.000202068951536563
-0.000202553834078774
-0.000203042026431257
-0.000203530861540321
-0.00020402273110972
-0.000204516622653093
-0.000205013346506526
-0.00020551166976516
-0.000206010929387712
-0.000206513616584205
-0.000207019270455463
-0.000207525706899255
-0.000208035553994689
-0.000208546099542686
-0.000209059626450334
-0.000209576265633982
-0.000210094015173423
-0.000210614236658673
-0.000211137440407412
-0.000211661821281086
-0.000212189697758105
-0.000212718318354896
-0.000213249642853657
-0.000213783466703195
-0.000214319800925748
-0.000214859218497601
-0.000215398169500675
-0.000215942693509196
-0.000216488116354694
-0.000217036182964934
-0.000217587269266589
-0.000218140671985752
-0.00021869575208114
-0.000219253636997424
-0.000219813062104889
-0.000220375321070877
-0.000220940865596395
-0.000221507647279116
-0.000222077185393043
-0.000222649289004527
-0.000223224092438941
-0.000223801218144885
-0.000224381387696483
-0.000224964205366966
-0.000225548436410123
-0.000226135806627116
-0.000226726186134329
-0.000227318615859069
-0.000227913589426259
-0.000228510784635861
-0.000229110745890773
-0.000229713674693115
-0.000230319050924193
-0.000230926354079777
-0.000231536574588732
-0.000232150084262146
-0.000232766337025438
-0.000233384695270588
-0.000234005430828143
-0.00023462910404348
-0.000235255289074811
-0.000235884473998706
-0.000236516810210901
-0.000237151200085712
-0.00023778945665005
-0.0002384290080248
-0.00023907223872558
-0.000239717881778344
-0.000240366040032331
-0.000241017350771543
-0.000241670711937539
-0.00024232724652736
-0.000242986698667634
-0.000243649767076904
-0.000244314979551374
-0.000244982660303187
-0.000245654186222542
-0.000246328116281262
-0.000247004447104569
-0.000247683778481161
-0.000248366158407482
-0.000249051585091535
-0.000249740040453379
-0.000250431113712861
-0.000251125326255293
-0.000251822430714683
-0.000252523263120644
-0.000253226714733916
-0.000253933246692797
-0.000254642059628797
-0.000255354326738534
-0.000256069463911487
-0.000256787291572727
-0.000257508717005985
-0.000258233995100269
-0.000258960889481056
-0.000259690749109592
-0.000260424212902794
-0.000261160701696468
-0.000261900236248555
-0.00026264300123465
-0.000263387859263659
-0.000264137579208786
-0.00026489037335527
-0.000265646065952979
-0.000266404857947217
-0.00026716715976057
-0.000267932840934348
-0.000268700686477475
-0.000269472703204567
-0.000270247316652299
-0.000271024672592129
-0.000271806499152469
-0.000272590335073516
-0.000273377566489264
-0.000274169222570352
-0.000274963000131982
-0.000275759666252379
-0.000276560562715731
-0.000277365438526177
-0.000278172739420205
-0.000278983199606754
-0.000279798472099754
-0.000280615366356822
-0.000281436821751997
-0.000282260929147307
-0.000283088346271507
-0.000283919565392359
-0.000284754440061696
-0.000285592004326279
-0.000286432963712287
-0.000287278836336228
-0.000288126479665609
-0.000288979172001398
-0.000289833538177034
-0.000290692228079441
-0.000291553841285816
-0.000292421093584866
-0.000293289173556095
-0.000294161071656898
-0.000295038212122133
-0.000295916715677645
-0.000296800936913212
-0.00029768682498666
-0.000298578001777723
-0.000299470914983129
-0.000300369205662725
-0.000301269212900009
-0.000302174623905768
-0.000303081774903271
-0.000303994495700642
-0.000304908900068265
-0.000305828567716915
-0.000306750098553614
-0.000307676692325275
-0.000308605642843324
-0.000309539307002892
-0.00031047640358172
-0.000311417146029579
-0.000312361379399579
-0.000313308980877319
-0.000314261816942705
-0.000315216204186647
-0.000316176520558852
-0.00031713810534976
-0.00031810657275627
-0.000319075133979735
-0.000320048413575314
-0.000321025826325388
-0.000322006549835145
-0.000322991357029393
-0.000323979898586649
-0.000324973802555621
-0.000325968715798988
-0.000326968903835051
-0.000327971555314949
-0.000328978863992576
-0.000329991422022913
-0.000331005035729451
-0.000332024909582434
-0.000333045842088711
-0.000334073195359059
-0.000335101513526762
-0.000336134861688429
-0.000337171797686895
-0.000338214139628938
-0.000339257506103112
-0.000340306965960848
-0.000341357876248741
-0.000342413911729114
-0.000343473422679054
-0.000344536785178115
-0.000345604437420571
-0.000346675106418407
-0.000347752057277083
-0.000348828803185762
-0.000349911322611088
-0.000350996685600763
-0.000352087915871604
-0.000353181696369517
-0.00035427762645597
-0.000355377822886714
-0.000356484008099758
-0.000357590598030585
-0.000358704175773849
-0.000359818174820451
-0.000360939292578678
-0.000362060655440205
-0.00036318921916025
-0.000364317905446472
-0.000365453365004102
-0.000366590173326603
-0.000367731110101069
-0.000368876380147732
-0.000370024936993503
-0.000371177427479428
-0.000372333163732837
-0.000373492664886531
-0.000374654850572808
-0.000375822198782725
-0.00037699467949384
-0.000378167015994466
-0.000379346428885807
-0.000380525784581544
-0.000381712403608485
-0.000382898653258677
-0.000384090520627031
-0.000385285505800676
-0.000386485862101157
-0.00038768601185991
-0.00038889317115953
-0.000390100942176076
-0.000391314869680848
-0.00039252859050425
-0.000393750667330904
-0.000394970773023303
-0.000396196454896187
-0.000397427230345624
-0.000398657666005664
-0.000399894982434325
-0.000401131987449843
-0.000402375190903255
-0.000403620180043254
-0.000404868283491867
-0.00040612186519045
-0.000407374678976107
-0.000408634613334667
-0.000409893580580862
-0.00041115928842877
-0.000412424542918072
-0.000413695386550636
-0.000414968047244081
-0.00041624446585808
-0.000417522885548636
-0.000418805649606225
-0.000420089620287289
-0.000421378059118576
-0.000422666738956132
-0.000423960535221128
-0.000425257849658431
-0.000426557074932129
-0.000427856118644769
-0.00042916209943934
-0.000430466340790326
-0.000431777416315472
-0.000433086688342669
-0.000434402750811128
-0.000435717354942342
-0.000437035838587402
-0.000438359031971561
-0.000439680890030924
-0.000441006188436943
-0.000442336048194361
-0.000443663731441616
-0.000444998031085867
-0.00044633009084515
-0.000447668533293052
-0.000449004531491163
-0.000450346672826722
-0.000451686579804744
-0.000453031300385415
-0.000454379051951871
-0.000455724121002456
-0.000457075408967746
-0.00045842406288701
-0.000459779523113926
-0.000461130816468905
-0.00046248511209326
-0.000463842095324126
-0.000465202349762436
-0.000466561593081174
-0.000467920033047846
-0.000469284262204597
-0.000470645043847337
-0.000472010961478346
-0.000473374664494146
-0.000474740780479659
-0.000476108749458608
-0.00047747525523941
-0.000478844837913989
-0.000480212432719065
-0.00048158385161951
-0.000482951334438423
-0.000484323554478838
-0.000485692179974403
-0.00048706556067914
-0.000488436143779396
-0.000489808984864655
-0.000491178199428581
-0.000492551035236217
-0.000493922455310193
-0.00049529489750261
-0.000496663819588975
-0.000498036211256399
-0.00049940625656243
-0.000500778247267255
-0.000502147607237219
-0.000503513958611914
-0.000504883063656782
-0.000506248564184139
-0.000507617348664421
-0.000508980800910378
-0.000510347430557829
-0.000511708696539315
-0.000513072613150225
-0.000514433371995325
-0.000515790664491736
-0.00051715049851915
-0.000518504621109113
-0.000519861206774494
-0.000521211870754661
-0.000522564472290964
-0.000523911211581205
-0.000525260068149476
-0.000526602504844937
-0.000527946335371025
-0.000529284234856346
-0.000530623283999581
-0.000531956188240276
-0.000533289942848118
-0.00053461741562846
-0.000535945357490408
-0.000537267006543803
-0.000538588108975673
-0.000539903767521439
-0.000541219951147036
-0.000542528508022054
-0.000543837118654056
-0.000545139660489791
-0.000546441945573764
-0.00054773733287051
-0.000549028623126203
-0.000550318598865255
-0.000551598138470948
-0.000552877641263128
-0.000554149519891041
-0.000555421013235534
-0.000556686139531438
-0.000557947350146882
-0.000559200594388274
-0.000560452475425234
-0.000561696645644255
-0.000562937185803886
-0.000564173191467905
-0.000565400662897317
-0.000566626439457468
-0.000567842662246684
-0.000569056783631869
-0.00057026402784402
-0.000571464508239335
-0.000572656264669169
-0.000573845051567662
-0.000575024668670658
-0.000576200828953138
-0.00057736743435027
-0.000578530454813151
-0.000579683325799086
-0.000580832773787405
-0.000581974062066554
-0.000583106038915227
-0.000584231809578414
-0.000585351239631787
-0.000586459264037021
-0.00058756541879988
-0.000588659444165511
-0.000589746690667036
-0.000590825360121633
-0.000591895925467881
-0.000592957708754704
-0.000594011494761562
-0.000595056151957478
-0.000596091696621988
-0.000597118332582237
-0.000598134589405406
-0.000599144361875438
-0.000600143070276771
-0.000601134655640797
-0.00060211486167039
-0.000603087521238563
-0.00060404859859939
-0.000605001775818673
-0.000605943210104449
-0.000606876413310188
-0.000607797730036496
-0.000608711111110582
-0.000609612242461537
-0.000610504685440658
-0.000611386121784691
-0.000612255118735161
-0.000613115682534653
-0.000613963216756629
-0.000614800400378624
-0.000615625720053777
-0.000616438623265315
-0.000617243910001468
-0.000618036618886793
-0.000618816114206126
-0.000619585384836258
-0.00062034257197519
-0.000621086275138144
-0.000621819274175342
-0.000622539472463712
-0.0006232469720367
-0.000623943545611243
-0.000624626934572388
-0.000625299322245879
-0.000625957878936601
-0.00062660565453091
-0.000627238559380152
-0.000627861385933084
-0.000628469371787286
-0.000629063582451722
-0.000629648256177582
-0.000630218436755257
-0.000630773218688389
-0.000631314152573493
-0.000631845260619886
-0.000632361328216269
-0.000632865088746291
-0.000633354437217363
-0.000633830240330764
-0.000634291919338337
-0.00063473730651481
-0.000635168780328017
-0.000635591067732289
-0.000635997983251293
-0.000636390309807975
-0.000636768532093597
-0.000637128286633692
-0.000637476186289063
-0.000637813163492379
-0.000638134991989092
-0.000638440194599069
-0.000638730959180867
-0.000639008552370525
-0.00063927113656135
-0.000639522176652099
-0.000639755164973124
-0.000639977718578764
-0.000640182491625586
-0.000640372023052304
-0.000640542422062526
-0.000640704067711903
-0.000640854724448665
-0.000640987466550388
-0.000641103036381986
-0.000641204003303563
-0.000641290023801763
-0.000641364583261423
-0.000641421951957121
-0.000641463996565379
-0.000641491052240855
-0.00064150678901021
-0.000641508001294853
-0.000641492930060268
-0.000641459744679141
-0.000641411765258666
-0.000641353374586056
-0.000641276272574278
-0.000641184151628629
-0.000641078694784686
-0.000640955533103339
-0.000640821199392441
-0.00064067308317373
-0.00064050871745453
-0.000640333120514201
-0.000640140990612869
-0.000639934131887638
-0.000639711469027758
-0.000639472435065029
-0.000639218546440697
-0.000638951873179045
-0.000638670013616783
-0.000638375038506076
-0.000638064786749828
-0.000637741157740767
-0.000637402219717864
-0.000637050292719859
-0.000636683270188945
-0.000636304987781976
-0.000635910759554304
-0.000635503639400008
-0.00063508191857129
-0.00063464326430896
-0.000634191198037643
-0.000633729588953757
-0.000633250848956592
-0.00063275720358369
-0.000632253216789126
-0.000631736715975646
-0.00063120391334887
-0.00063065663967002
-0.000630098633216107
-0.000629528249442821
-0.000628943754841214
-0.000628343533947376
-0.000627730817279917
-0.000627106562051032
-0.000626469221707429
-0.000625823155720531
-0.000625162896487963
-0.00062448981871408
-0.000623803007927266
-0.000623102696274569
-0.000622391371827302
-0.00062166702711048
-0.00062092909585137
-0.000620182037231938
-0.000619421120667778
-0.000618650998281941
-0.000617866979270995
-0.000617073795843996
-0.000616266701953606
-0.000615450937575061
-0.000614621499948537
-0.00061378327695441
-0.00061293182928404
-0.000612071810263336
-0.00061119847416639
-0.000610317017023899
-0.000609422409194351
-0.000608519947615619
-0.000607604515405315
-0.000606683313952381
-0.000605749821065507
-0.000604804890331447
-0.000603851766048946
-0.000602888068839899
-0.00060191311398618
-0.000600927123633991
-0.0005999366504727
-0.00059893483339409
-0.000597922146388124
-0.000596902211507877
-0.000595871478321897
-0.000594834920086086
-0.000593789328602649
-0.000592731429230722
-0.000591669546643463
-0.000590595103710562
-0.00058951726815458
-0.000588429089272115
-0.000587333149114279
-0.00058622609515173
-0.000585115424914896
-0.000583993684193925
-0.000582868955242239
-0.00058173491196765
-0.000580593589220095
-0.000579441837189936
-0.00057828765367274
-0.000577123695079621
-0.000575954995881046
-0.000574780014750207
-0.000573594792601646
-0.000572407359220681
-0.000571209688304891
-0.000570010217356698
-0.00056879986605037
-0.00056758862638123
-0.000566368169521148
-0.000565141355155714
-0.000563913618323171
-0.000562677272986736
-0.000561437507274133
-0.000560188169805324
-0.000558938643011308
-0.000557679482680583
-0.000556420216721747
-0.000555151558197384
-0.000553883095224722
-0.000552605254675956
-0.000551327357623877
-0.000550041088483416
-0.000548755099425426
-0.000547463047987618
-0.000546168309296384
-0.000544865041287867
-0.000543563319797773
-0.000542253116728603
-0.000540943654042555
-0.000539629483244607
-0.000538313957900209
-0.000536989686275563
-0.00053566883953378
-0.000534338671145788
-0.000533012242314324
-0.000531680011198552
-0.000530344070246927
-0.000529007135227713
-0.000527663176362366
-0.000526323668968136
-0.00052497536709652
-0.000523629748002194
-0.000522281184540057
-0.000520930389684836
-0.000519579462953253
-0.000518220664801648
-0.000516867216105849
-0.000515505606957299
-0.000514149005039913
-0.000512788473780631
-0.000511423940698265
-0.000510060898189339
-0.000508700003463338
-0.000507329962248119
-0.000505964305598064
-0.000504598736431861
-0.000503228160584313
-0.000501859332229182
-0.0005004908401328
-0.000499118906866123
-0.00049775104302917
-0.000496376323966794
-0.000495006224057423
-0.000493636005356276
-0.000492263490361283
-0.000490893493403349
-0.000489519772028127
-0.000488152634449932
-0.000486776775067346
-0.000485411440062749
-0.000484035708135143
-0.000482665468985664
-0.000481297527227005
-0.000479923958780356
-0.000478557914132094
-0.000477186591535265
-0.000475820187817555
-0.000474456216054676
-0.000473086982380172
-0.000471724137763551
-0.000470359215147879
-0.000468999073290519
-0.000467634026028002
-0.000466276970230906
-0.000464914353341557
-0.000463557826009339
-0.000462200888056152
-0.000460848412809526
-0.00045949145614532
-0.000458141262640252
-0.000456789637291749
-0.00045544344912052
-0.000454093025286533
-0.00045275041333386
-0.000451403854094478
-0.000450066776395332
-0.000448723345632352
-0.00044738623507167
-0.00044605305111253
-0.000444715529242231
-0.000443386818696376
-0.00044205702338363
-0.000440726500116571
-0.000439404085492028
-0.000438080939997304
-0.000436760167078532
-0.000435441577264497
-0.000434124556389862
-0.000432811175065079
-0.000431503759604559
-0.000430191814363998
-0.000428887336093493
-0.000427586018325391
-0.000426283789006261
-0.000424987829399442
-0.000423689955006701
-0.000422399899686435
-0.000421108026587743
-0.000419820464777022
-0.000418538884382155
-0.00041725405007164
-0.000415978589060282
-0.000414699985128391
-0.000413430551220683
-0.000412157962405384
-0.000410894555685814
-0.000409628027284818
-0.000408370714560897
-0.000407110453258221
-0.000405859255904578
-0.000404605157861532
-0.000403360302629265
-0.000402112545330108
-0.000400873334442941
-0.000399633515225599
-0.000398401240211481
-0.000397166363602433
-0.000395940937619304
-0.00039471280258008
-0.000393494347127223
-0.000392272832034912
-0.000391060657154343
-0.000389845951254375
-0.000388640604618
-0.000387432936102493
-0.00038623449844606
-0.000385033999323206
-0.000383841044448757
-0.00038264890677341
-0.000381464112296096
-0.000380277325117141
-0.000379099716168131
-0.000377920101238427
-0.000376749794615157
-0.000375577326013402
-0.000374414586809651
-0.000373249140415649
-0.000372090749862661
-0.000370936360585294
-0.000369785372464547
-0.000368637118708764
-0.000367493712117668
-0.000366350231578212
-0.000365216052431167
-0.000364079898617568
-0.000362952861493351
-0.000361825033696045
-0.000360702279910256
-0.000359583471170628
-0.000358471268868902
-0.000357357252106751
-0.000356250239763455
-0.000355145695282377
-0.000354048105152631
-0.000352949208289439
-0.000351857895650352
-0.000350771243085548
-0.000349683262314893
-0.000348603940550166
-0.000347523852643103
-0.000346452580517554
-0.000345379926417771
-0.000344315897888983
-0.000343251063916779
-0.000342193145888301
-0.000341139262868949
-0.000340085440626455
-0.000339040101446913
-0.00033799510583411
-0.000336954210691359
-0.000335918533152826
-0.000334885002259118
-0.000333858076989067
-0.000332830706897867
-0.000331811373532407
-0.000330791538478302
-0.000329779076261618
-0.000328766940555652
-0.000327761541740383
-0.000326757357681787
-0.000325760820407914
-0.000324763609615077
-0.000323774706136687
-0.00032278469125949
-0.000321802591383386
-0.00032082088291052
-0.000319843517797836
-0.000318872477185658
-0.000317901262705691
-0.000316936245793721
-0.000315975323431967
-0.000315015160727308
-0.000314062646587705
-0.000313111081770297
-0.000312162937365944
-0.000311221220155857
-0.000310279213677683
-0.000309344558060235
-0.000308410215421643
-0.000307481791322206
-0.000306554968616568
-0.00030563487800771
-0.000304717830167078
-0.000303801354795074
-0.000302892569017466
-0.000301983354857108
-0.000301080034319132
-0.000300179329296041
-0.000299284338232166
-0.000298389605622104
-0.000297501764116771
-0.000296614209112792
-0.000295733385555156
-0.00029485293525675
-0.000293979203535486
-0.000293105771728617
-0.000292238884787652
-0.000291372554765539
-0.000290512796284091
-0.000289653359647406
-0.000288799161475025
-0.000287947287207833
-0.000287099794128654
-0.000286257665443567
-0.000285415116289048
-0.000284578864133714
-0.00028374252064842
-0.000282913878294892
-0.000282088074877981
-0.000281263308497669
-0.000280444792825449
-0.000279627231473645
-0.000278813275749687
-0.000278004496896947
-0.000277197151614789
-0.000276393048981012
-0.00027559280747456
-0.000274795831821995
-0.000274002102455018
-0.000273213111746089
-0.000272425005888075
-0.000271641715310854
-0.00027086042204969
-0.000270084562666614
-0.000269310816493546
-0.000268539223337595
-0.000267771901049594
-0.000267008282538051
-0.00026624761524522
-0.000265488338829279
-0.000264734433567064
-0.000263983523564343
-0.000263233640023287
-0.000262487922021863
-0.000261745763579424
-0.000261006124252041
-0.000260271092503076
-0.000259537343313608
-0.000258807646931821
-0.000258080872428715
-0.000257356804064563
-0.000256637164127284
-0.000255918830155803
-0.000255205132244239
-0.00025449288782283
-0.000253785227226888
-0.000253078892366846
-0.000252376992647747
-0.00025167674718247
-0.000250980988988163
-0.000250286558747373
-0.000249596224995605
-0.000248907958835088
-0.000248223811446812
-0.00024754157361246
-0.000246861465269857
-0.000246185804505295
-0.000245511275704684
-0.000244841320119556
-0.000244177174616125
-0.000243511407961578
-0.000242849179296803
-0.000242190632797864
-0.000241533830911834
-0.00024088098273872
-0.000240229826187233
-0.000239582035170121
-0.000238936524747028
-0.000238294088676073
-0.000237654627232427
-0.000237017700607101
-0.000236385582775762
-0.000235753557535106
-0.000235124353680938
-0.000234499100820859
-0.000233875397317251
-0.000233255581227053
-0.000232636909758203
-0.00023202165849535
-0.000231408615564351
-0.000230799444073596
-0.000230191732020305
-0.000229587305287134
-0.000228984903954694
-0.000228384880642679
-0.000227788426740582
-0.000227193826209968
-0.000226602340975611
-0.000226012790243708
-0.000225426329010233
-0.000224841829777965
-0.000224259675580071
-0.000223680997874855
-0.000223104384824465
-0.000222529700673521
-0.00022196077299291
-0.000221390425874097
-0.000220822578454722
-0.000220257620475049
-0.000219695644188103
-0.000219136045414681
-0.000218578685933137
-0.000218023894089042
-0.000217471873410379
-0.000216922009248378
-0.000216374332756063
-0.000215829111409742
-0.000215286027539601
-0.000214745247578574
-0.000214207434608641
-0.000213671504926573
-0.000213138249906383
-0.000212606694530176
-0.000212080223517726
-0.000211552606669917
-0.000211027998166299
-0.000210505735365336
-0.000209985435481006
-0.000209467884730039
-0.00020895201926026
-0.000208438672519051
-0.000207927799082175
-0.00020741889811544
-0.000206912272675097
-0.000206407819372548
-0.000205906236171533
-0.000205405923437545
-0.000204908166498803
-0.000204412568174385
-0.000203919450693749
-0.000203428373486343
-0.000202938623799149
-0.000202450595651484
-0.000201962976529138
-0.000201481501452253
-0.000201001304471834
-0.000200523445632795
-0.000200046825696565
-0.000199572699225235
-0.000199099761043429
-0.000198629141131123
-0.000198161091443942
-0.000197694236467117
-0.000197229510910121
-0.000196767670031174
-0.000196307268951407
-0.000195848336236424
-0.000195391798545565
-0.00019493691261032
-0.000194484548775644
-0.000194033736995717
-0.000193585498994312
-0.000193138681107101
-0.000192693566518172
-0.000192250464538232
-0.000191809486844643
-0.00019137105317585
-0.000190932896477066
-0.000190498225565127
-0.000190065489253572
-0.000189633105909317
-0.000189203010527278
-0.00018877520071979
-0.000188350898316507
-0.000187926395693969
-0.000187503406590604
-0.000187083535181676
-0.000186664390992436
-0.000186248056007462
-0.000185832483806092
-0.000185419734965554
-0.000185007548538272
-0.00018459760893303
-0.000184189969315856
-0.000183783752750152
-0.000183378161022162
-0.000182976459438169
-0.000182575037130682
-0.000182175758308587
-0.000181779138372411
-0.00018138271949766
-0.000180988422291702
-0.00018059694347492
-0.000180204668596518
-0.000179816300675564
-0.000179429177878881
-0.000179044281670692
-0.000178659736195015
-0.000178278253178901
-0.000177896788233664
-0.000177518296765776
-0.00017714021363925
-0.000176763890131403
-0.000176389852165555
-0.000176017095874259
-0.000175645840720101
-0.000175276331958901
-0.000174908778822471
-0.000174542492159582
-0.000174178867284836
-0.000173813511452077
-0.00017345286975922
-0.000173093290587027
-0.000172735481256396
-0.000172378246958168
-0.000172022854579129
-0.000171670034565106
-0.00017131707665577
-0.000170967149846545
-0.000170617072218095
-0.000170269972824514
-0.000169922931509744
-0.000169577672798259
-0.000169234881419192
-0.000168892555014842
-0.000168553378971372
-0.000168213048784204
-0.000167876790967545
-0.000167540412089047
-0.000167203236764399
-0.000166872166076286
-0.000166540534492144
-0.000166210065036769
-0.000165882578685252
-0.000165554924371791
-0.000165229942708886
-0.000164905070059946
-0.000164581161415725
-0.000164260334348339
-0.000163939127322211
-0.00016361996147915
-0.000163301910816394
-0.000162985408459374
-0.000162670709134027
-0.000162356602264399
-0.000162045719036747
-0.000161733906423557
-0.000161425516582864
-0.000161116509629911
-0.000160809546722066
-0.000160503428202241
-0.000160199714657152
-0.000159896186759993
-0.000159595789333842
-0.000159294635808911
-0.000158996643600075
-0.000158697867425228
-0.000158402415739872
-0.000158106302896434
-0.000157813334406895
-0.000157519667159054
-0.000157228253745307
-0.000156937674084233
-0.000156648786174972
-0.000156362664018833
-0.000156076044044257
-0.000155789289047442
-0.000155506527623385
-0.000155223017013033
-0.000154941398798596
-0.000154660498911195
-0.000154382813303116
-0.00015410411754347
-0.000153827258381038
-0.000153550495468247
-0.000153277655099232
-0.000153004138744149
-0.000152732503167634
-0.000152461704044283
-0.000152191242367697
-0.000151922340386841
-0.000151656458348827
-0.000151389311202905
-0.000151125491734151
-0.000150860589273395
-0.000150598973933789
-0.000150336553232668
-0.000150075624279175
-0.000149816040561869
-0.000149554497205449
-0.000149299937346914
-0.000149044497768492
-0.000148791086111914
-0.000148537034432546
-0.000148283618588176
-0.000148031249290894
-0.000147782135311491
-0.000147531632416782
-0.00014728449154117
-0.00014703679491665
-0.000146790636154911
-0.000146544489686902
-0.000146301653129486
-0.000146057304315514
-0.000145816581830832
-0.000145572352461517
-0.000145334452350748
-0.00014509521165167
-0.000144856823212991
-0.000144621850937335
-0.000144385069368805
-0.000144151616943801
-0.000143917099874896
-0.000143685547292981
-0.000143455322830624
-0.000143223033497829
-0.000142993056710113
-0.000142763611058424
-0.000142537591357478
-0.000142311321586988
-0.00014208426990281
-0.000141858258273635
-0.000141635744701076
-0.00014141216979763
-0.000141191445831952
-0.000140969480280769
-0.000140748478722052
-0.000140531053315048
-0.000140311977812378
-0.000140096298722651
-0.000139880309553792
-0.000139662023155012
-0.00013944981525957
-0.000139236134245691
-0.000139022971633165
-0.000138813278353255
-0.000138602976839578
-0.000138391672027067
-0.000138184671030798
-0.000137977017405864
-0.000137768612008109
-0.000137564242802712
-0.000137358623061903
-0.000137154065572108
-0.000136950956277064
-0.000136746643182032
-0.00013654673622473
-0.000136348368521263
-0.000136149595995622
-0.000135949591396292
-0.000135750650686309
-0.000135555106564513
-0.000135358026011911
-0.000135162053706776
-0.000134968323462227
-0.000134774448692918
-0.000134580663675233
-0.000134390640316385
-0.000134196496845764
-0.000134008609631668
-0.000133818935030006
-0.000133629924221472
-0.000133444222032746
-0.000133256583367123
-0.000133070733720757
-0.000132884635801342
-0.000132701437013568
-0.000132517016975895
-0.000132336168147845
-0.000132153346383435
-0.000131972417210891
-0.000131791198305263
-0.000131613510642817
-0.000131433740025106
-0.000131256933071735
-0.000131079715388062
-0.000130902500535936
-0.000130728720194175
-0.000130552751934774
-0.000130380012032568
-0.000130205842657931
-0.000130034415882491
-0.000129862382604541
-0.00012969238411642
-0.000129522725884756
-0.000129350944833246
-0.000129183729404769
-0.000129015293225354
-0.000128850806325395
-0.000128683244997744
-0.000128519412282121
-0.000128353288714197
-0.000128190064860057
-0.000128026974818146
-0.000127863279128938
-0.000127703281841483
-0.000127541079014975
-0.000127382069001865
-0.000127222303605415
-0.000127063357036567
-0.000126905392031806
-0.000126747916464902
-0.000126591816108726
-0.000126435029300306
-0.000126281811081214
-0.000126126254078519
-0.000125971558358676
-0.00012582046740173
-0.000125667402633368
-0.000125516458343577
-0.000125365228358638
-0.000125215282960242
-0.000125065629021934
-0.000124917480268285
-0.000124767988663616
-0.000124622560623691
-0.000124476197674248
-0.000124328454648413
-0.000124185251068819
-0.000124039197916421
-0.00012389697300752
-0.000123752333405562
-0.000123611544151289
-0.000123468088595939
-0.000123328609794494
-0.000123186263980177
-0.000123047940723437
-0.000122906396300139
-0.000122767103321888
-0.000122631771577338
-0.000122491024752008
-0.00012235734376417
-0.000122221255021692
-0.000122085154019599
-0.00012195363121497
-0.000121818344008609
-0.000121685790822577
-0.000121553153213204
-0.000121419863543173
-0.000121290795177977
-0.000121158417119492
-0.000121029958273205
-0.000120898718826753
-0.000120771095621945
-0.000120641873297749
-0.000120514679337889
-0.000120387307313816
-0.000120261030160593
-0.00012013428105106
-0.00012001100539678
-0.000119886118405224
-0.000119761965818596
-0.000119638973819745
-0.000119515047009036
-0.000119395381519485
-0.000119273032238339
-0.00011915282156861
-0.000119031361589031
-0.000118913689543852
-0.000118793567152536
-0.000118677145640288
-0.000118558882342263
-0.000118441746083898
-0.00011832347655169
-0.000118209251116373
-0.000118092679186335
-0.00011797678729842
-0.00011786476453346
-0.0001177486072374
-0.000117637854198396
-0.000117524471378508
-0.00011741152539961
-0.000117302449815701
-0.00011719044321405
-0.000117082342852884
-0.000116971513996799
-0.000116862811974575
-0.000116753883978055
-0.000116645985281516
-0.00011653780344354
-0.000116433207904734
-0.000116324599627647
-0.000116221187668722
-0.000116115050459333
-0.000116009638421256
-0.00011590641540644
-0.0001158043386684
-0.000115701425194173
-0.000115597641737337
-0.000115497712265408
-0.000115394864403548
-0.000115296135049599
-0.000115194933141464
-0.000115095197261725
-0.000114996857708775
-0.000114897869426069
-0.000114801947216318
-0.000114702587691878
-0.000114605145552885
-0.000114510067155476
-0.000114413939283028
-0.000114318789995286
-0.000114222546660338
-0.000114130878795167
-0.000114036205673162
-0.000113943273868351
-0.00011384923365938
-0.000113759627446744
-0.000113669533206027
-0.000113576758628939
-0.000113487977978903
-0.000113396924128611
-0.000113309037163863
-0.000113218928192795
-0.000113131891597065
-0.000113044865720582
-0.000112955911495089
-0.000112866844248065
-0.000112782451250782
-0.000112695515429585
-0.00011260954980255
-0.000112525452529676
-0.000112440790084018
-0.000112356965540365
-0.000112271837352502
-0.000112190324180774
-0.000112108472581509
-0.000112025644259275
-0.000111946059847811
-0.000111864219505405
-0.000111784135416112
-0.000111706538597255
-0.000111625852805161
-0.000111547380852795
-0.000111467799398286
-0.000111390785459099
-0.000111315301583203
-0.00011123723315795
-0.00011116028006126
-0.000111080378306207
-0.000111008256009584
-0.000110933291998281
-0.000110857067773039
-0.000110785854034197
-0.000110712381634217
-0.000110638587340672
-0.000110568205836492
-0.000110495139547883
-0.000110424575161888
-0.000110349715774145
-0.000110281771294353
-0.000110211392101934
-0.000110141308926288
-0.000110071898699425
-0.000110003107417584
-0.000109935247353476
-0.000109867032591049
-0.000109801907949198
-0.000109733297195354
-0.000109668579453395
-0.000109601611191833
-0.000109536382004601
-0.000109470395828436
-0.00010940697029683
-0.000109342450093258
-0.000109278703550064
-0.000109215562028649
-0.000109152835126261
-0.000109089402746543
-0.000109029370567672
-0.000108968212380264
-0.000108902298403338
-0.000108845484251428
-0.000108785531272317
-0.000108725947460083
-0.000108667508220862
-0.000108609514281178
