-0.645771823237902
-0.647945368705102
-0.649540675962927
-0.650675729692964
-0.651529040588427
-0.652207852419263
-0.652778515970608
-0.653281768573205
-0.653742690496533
-0.654176525179516
-0.654592638727688
-0.65499672079676
-0.655392232161784
-0.655781326709491
-0.656165268849502
-0.656544924650878
-0.65692075780793
-0.657293041611074
-0.657662065182774
-0.658027811074911
-0.658390472199641
-0.658749982655723
-0.659106722623385
-0.659460337501859
-0.659810801222634
-0.66015841557688
-0.660502986103181
-0.660844886077522
-0.661183390855957
-0.661519259405452
-0.661853068825457
-0.662183945868594
-0.662511892339442
-0.662837066943645
-0.663159386467149
-0.663479023329107
-0.663796125361572
-0.664110298518506
-0.664421835074613
-0.664729616980582
-0.665035977410641
-0.665338477047195
-0.665639544608785
-0.665936739816454
-0.666232505451662
-0.666524723354889
-0.666814407153788
-0.66710160468964
-0.667386785030093
-0.667668206943632
-0.667948225847216
-0.668224459635844
-0.668499268129756
-0.66877035581808
-0.669040059634791
-0.669306866575357
-0.669571096138673
-0.669832067850785
-0.670090914897655
-0.67034767827217
-0.670601432098449
-0.67085312099728
-0.671101302561956
-0.671348166794766
-0.671591452660853
-0.671833417870852
-0.672072556770511
-0.672309273189631
-0.672542655813652
-0.672774727124183
-0.673004161671219
-0.673230755630942
-0.673455327779515
-0.67367652959321
-0.673896475010212
-0.67411297107048
-0.674328198268687
-0.674539957428349
-0.674750453572487
-0.674957506067042
-0.675163286671083
-0.67536563775153
-0.675566723895272
-0.67576439893088
-0.675960815411076
-0.676154591291473
-0.676345673879167
-0.676534881964507
-0.676720878932608
-0.676905659264917
-0.677087881969967
-0.677267806177758
-0.677444636217382
-0.677620276097702
-0.677793468265825
-0.677963548114752
-0.678132443089259
-0.678298916652346
-0.678462824574429
-0.678624808301897
-0.678784351293959
-0.678941852845023
-0.679096658949159
-0.679249103198518
-0.67940036602119
-0.679549247794979
-0.679695089522821
-0.679839721445827
-0.679981812910157
-0.680121295362943
-0.680259612927379
-0.680395479977219
-0.680528510505839
-0.680660406212582
-0.68078923433381
-0.680916934502514
-0.68104189642737
-0.681164520977683
-0.681285995616477
-0.68140510987427
-0.681522041257229
-0.681636228483164
-0.681749322822621
-0.68185980595321
-0.681967977999404
-0.682075033285392
-0.682179123335972
-0.682281778170027
-0.682382551995373
-0.682481374753032
-0.682577366482584
-0.682672129913945
-0.68276497618944
-0.682855023048089
-0.68294398666747
-0.683030579963703
-0.68311482524262
-0.683197281135398
-0.683278641711139
-0.683357125023842
-0.683434540014983
-0.683509823876752
-0.683582454356605
-0.683654068116381
-0.683722937104929
-0.683790077752066
-0.683856165407092
-0.683919467022286
-0.683981524823807
-0.684041848429714
-0.684099506481587
-0.684156166102045
-0.684210165537028
-0.684262965725935
-0.684314062695686
-0.684362556108833
-0.68441009134109
-0.684455013962366
-0.684498962405415
-0.684540324465883
-0.684580496187026
-0.684619041851938
-0.684655033300712
-0.684690114602957
-0.684722663224332
-0.684754264576817
-0.684783373075904
-0.684811513461203
-0.684837376067738
-0.684861378101271
-0.684884416865439
-0.684904957444766
-0.684924585669013
-0.684941763521974
-0.684958013445699
-0.684971825368627
-0.684984736293963
-0.684995230897556
-0.68500462887111
-0.685012512835927
-0.685018205700835
-0.685022588699642
-0.685024971450728
-0.685026455710223
-0.685025955849538
-0.685023514085375
-0.685020202850259
-0.685014573782794
-0.685008097439962
-0.684999328110729
-0.684989689035206
-0.684977980915224
-0.684964903143493
-0.684950026407947
-0.684934295367015
-0.684916451861207
-0.684897355159169
-0.68487688621132
-0.68485486762823
-0.684830764977912
-0.684805879058349
-0.684778860905526
-0.684751008017228
-0.684721611232587
-0.684690169548835
-0.684657879176427
-0.68462411686156
-0.684588341996149
-0.684551782035453
-0.684513192911637
-0.684473853161255
-0.684432484955703
-0.684390336963998
-0.684346154455819
-0.684301207242973
-0.684254268964447
-0.68420636728701
-0.684157276532568
-0.68410623138026
-0.684054452871985
-0.684000729048704
-0.683946285408742
-0.683889902201172
-0.683832807359294
-0.683773788669921
-0.683714066689498
-0.683652653296602
-0.683589774617911
-0.683526059244323
-0.683461109298603
-0.683394335036368
-0.68332641481662
-0.683257786379593
-0.683187391695416
-0.683116071337965
-0.683043524712897
-0.68296971816297
-0.682894207557569
-0.682818058391734
-0.68274055235683
-0.682661803639677
-0.682581900441833
-0.682500770940328
-0.682418127602176
-0.682334648016729
-0.682249951876179
-0.682164235085076
-0.682076902420135
-0.681988971465543
-0.681899385321386
-0.681809213503992
-0.681717783400122
-0.681625174776224
-0.681531464708344
-0.681436262400358
-0.681340486291755
-0.681243148673846
-0.681145236684687
-0.681046034984177
-0.680945875689435
-0.680844498164109
-0.680742188600864
-0.680638428951433
-0.680534125896297
-0.680428614352465
-0.680322165404697
-0.680214298731583
-0.680105812808031
-0.679996279791769
-0.679885689752384
-0.679774069927112
-0.679661283844452
-0.679547599059093
-0.679433254995529
-0.679317872264014
-0.679201489555777
-0.679084201056114
-0.678965966711323
-0.678846590950795
-0.67872615785676
-0.678604879708054
-0.678483087706133
-0.678359941144771
-0.67823595846179
-0.678111471557476
-0.677985800539575
-0.677859106425506
-0.677731824416478
-0.677603714608879
-0.67747436095641
-0.677344540150403
-0.677213704881912
-0.677081807507515
-0.676949143342462
-0.676816012177564
-0.676681654032138
-0.676546856994231
-0.676410858897921
-0.676274424470095
-0.676137115235485
-0.67599868418184
-0.675859843993087
-0.675719873851757
-0.675579495278947
-0.675438189136641
-0.675296208324597
-0.675153433320903
-0.675009875081003
-0.67486559273892
-0.674720544895491
-0.674574793024619
-0.674428312657337
-0.674281115491256
-0.674133203071141
-0.673984587389018
-0.673835287467312
-0.673685288965336
-0.673534618739617
-0.673383219506329
-0.673231223712405
-0.673078547734047
-0.672925217514001
-0.672771191741538
-0.67261658092138
-0.672461314802797
-0.672305425106511
-0.672148906958155
-0.671991759718773
-0.671833999281043
-0.671675648411287
-0.671516683191976
-0.67135713318306
-0.671196683925194
-0.671036089772661
-0.670874861435285
-0.670712836898447
-0.670550509808339
-0.670387573460426
-0.670224045025379
-0.670059982972184
-0.669895354444707
-0.669730189704731
-0.669564513656346
-0.669398291109219
-0.669231574501449
-0.669064341478241
-0.668896571626346
-0.668728347525957
-0.668559623551045
-0.668390324946472
-0.6682206655444
-0.668050510412425
-0.667879883330472
-0.667708788330428
-0.667537176901933
-0.667365192795348
-0.667192747516363
-0.667019846529959
-0.666846532001095
-0.666672735393682
-0.666498579467327
-0.666323928064483
-0.666148949468933
-0.665973517993104
-0.665797732095565
-0.665621534505225
-0.665444943239951
-0.665267969197852
-0.665090613527886
-0.664912851967417
-0.664734769416046
-0.664556312634262
-0.664377504708118
-0.664198288213609
-0.664018803957562
-0.6638389365927
-0.663658771235635
-0.663478263635391
-0.663297433041274
-0.663116282788867
-0.662934710426996
-0.66275298183473
-0.662570824146333
-0.662388508216958
-0.662205832011144
-0.662022915110317
-0.66183969633392
-0.661656196755733
-0.661472412304901
-0.661288371015555
-0.661103975511035
-0.660919448929597
-0.660734650799711
-0.660549599124243
-0.660364301551436
-0.660178764139182
-0.659992980226091
-0.659806985546381
-0.659620766690755
-0.659434331795453
-0.659247683779636
-0.659060823664795
-0.658873765284714
-0.658686510300983
-0.65849899659833
-0.658311389653811
-0.658123550612051
-0.657935577812413
-0.657747421272125
-0.657559090778777
-0.657370592306415
-0.657181928207099
-0.656993113567812
-0.656804144004047
-0.656615016427539
-0.656425768115412
-0.656236378542718
-0.656046851019933
-0.655857200489909
-0.655667418978814
-0.65547752599718
-0.655287515178267
-0.655097391259277
-0.654907168793092
-0.654716794916559
-0.654526388090462
-0.654335877385926
-0.654145271373496
-0.653954578836865
-0.653763804077579
-0.653572949447768
-0.653382018085036
-0.653191013058444
-0.652999953049464
-0.65280883175448
-0.652617652153038
-0.652426419777606
-0.652235135497788
-0.652043811870734
-0.651852445014325
-0.651661029558284
-0.651469596993964
-0.651278133604781
-0.651086643459034
-0.650895129841627
-0.650703598028776
-0.650512051351272
-0.650320481408717
-0.650128920816616
-0.649937355781442
-0.649745787931413
-0.64955422336268
-0.649362668617011
-0.649171122366007
-0.648979589671009
-0.6487880749068
-0.648596580585547
-0.648405111137804
-0.648213700314156
-0.648022277543839
-0.647830900014898
-0.647639556934264
-0.647448255691869
-0.647257014181377
-0.647065802198173
-0.646874645759403
-0.646683543748359
-0.646492517764706
-0.646301525320819
-0.646110602450846
-0.645919744413487
-0.645728985124451
-0.645538257213717
-0.645347610966154
-0.645157046461086
-0.644966565763584
-0.644776172508605
-0.644585859408548
-0.644395674331135
-0.644205528081439
-0.644015485926411
-0.643825545972536
-0.643635730056757
-0.643446013007063
-0.643256366802427
-0.643066839457632
-0.642877424545805
-0.642688124882281
-0.642498947880538
-0.64230988110408
-0.642120940151518
-0.64193211969784
-0.641743436169953
-0.64155486507833
-0.641366429241893
-0.641178123916459
-0.640990041982374
-0.640801972329175
-0.640614057487745
-0.640426343194717
-0.640238704552238
-0.640051280333882
-0.639863929286004
-0.63967674428087
-0.639489771558893
-0.639302881195062
-0.639116208286434
-0.638929627563933
-0.638743221037301
-0.638556982873243
-0.638370912590784
-0.638185009460592
-0.637999303872947
-0.637813714781792
-0.637628313390481
-0.637443076314574
-0.637258023210418
-0.637073140779752
-0.63688843779891
-0.636703972582182
-0.636519597310626
-0.636335421528943
-0.636151427126049
-0.635967621970302
-0.635784009346532
-0.635600600810462
-0.635417344647509
-0.635234302637457
-0.635051427759884
-0.63486881266369
-0.634686301915281
-0.634504002429246
-0.634321970780926
-0.634140040039243
-0.633958329722975
-0.633776817206562
-0.633595551714627
-0.633414428721425
-0.633233517869318
-0.633052812648935
-0.632872313187703
-0.632692020826302
-0.632511932224988
-0.632332047688396
-0.632152368849015
-0.63197300596924
-0.631793695905398
-0.631614614818959
-0.63143582693855
-0.631257146144063
-0.631078717437672
-0.630900476715652
-0.630722530088173
-0.630544690082379
-0.630367159237324
-0.630189736585753
-0.630012577362313
-0.629835601230645
-0.629658927999813
-0.629482357235656
-0.629306022601791
-0.629129938082093
-0.628954034621172
-0.628778378483945
-0.628602901819059
-0.628427652948476
-0.628252682595956
-0.628077832564611
-0.627903212511731
-0.627728814328149
-0.627554634520386
-0.627380670436448
-0.627206921120735
-0.62703345946199
-0.626860103468084
-0.626686986569587
-0.626514076775251
-0.626341443602969
-0.626168939253082
-0.625996663960349
-0.625824679615324
-0.625652800325005
-0.625481150992892
-0.625309719505959
-0.625138501909598
-0.62496749413164
-0.624796696620648
-0.624626109646109
-0.62445572637704
-0.624285549130745
-0.624115628591517
-0.623945879072506
-0.623776286695755
-0.623606984883042
-0.623437787214076
-0.623268817851798
-0.623100041360552
-0.622931472569524
-0.622763105325746
-0.62259494181604
-0.62242697337586
-0.622259198132177
-0.622091616734066
-0.621924236759263
-0.621757036977583
-0.621590034173903
-0.621423215617674
-0.621256586333321
-0.62109014572762
-0.620923889258803
-0.62075787054407
-0.620591954076777
-0.620426235362665
-0.620260707637213
-0.620095356418745
-0.619930204942206
-0.619765191451045
-0.619600372608752
-0.619435712813337
-0.619271267404621
-0.61910693062179
-0.618942836489815
-0.618778818106319
-0.618614988645351
-0.618451328399929
-0.618287863507092
-0.618124496225701
-0.617961303948033
-0.617798300487725
-0.617635426161765
-0.617472686481614
-0.617310105662155
-0.61714767467488
-0.616985390091699
-0.616823251324872
-0.616661249800716
-0.616499391580192
-0.616337667813284
-0.616176082392005
-0.616014622976248
-0.615853300093834
-0.615692094999074
-0.615531044523651
-0.615370077279454
-0.615209283291052
-0.615048542325474
-0.614887935740499
-0.61472744732168
-0.614567067117101
-0.614406800557072
-0.614246641163816
-0.614086585653017
-0.613926627215174
-0.613766769120846
-0.613607040539577
-0.613447355817331
-0.613287773500887
-0.613128280487468
-0.612968876933839
-0.612809552485955
-0.612650308707724
-0.61249114349247
-0.612332055736636
-0.612173035234397
-0.612014083335101
-0.611855197431032
-0.611696373148804
-0.611537635109494
-0.611378911091557
-0.611220254486192
-0.611061650361205
-0.610903101576331
-0.610744585448751
-0.610586111272819
-0.610427678248834
-0.610269296429155
-0.610110920870409
-0.609952586487542
-0.609794279130092
-0.60963598517604
-0.609477717402969
-0.609319472961145
-0.609161235193267
-0.609003033900954
-0.608844799224388
-0.608686579009334
-0.608528360620249
-0.608370137270795
-0.608211908694323
-0.608053668397538
-0.607895412942092
-0.607737134640742
-0.607578844323836
-0.607420527320475
-0.607262182681991
-0.607103804065413
-0.606945386148803
-0.606786938523696
-0.606628438728106
-0.606469896033824
-0.606311311619541
-0.606152670386296
-0.605993972130865
-0.605835180244664
-0.605676359034534
-0.605517475107645
-0.605358511421162
-0.605199451283583
-0.60504033396325
-0.604881114115667
-0.604721824687309
-0.604562453182368
-0.604402978086256
-0.604243407591725
-0.604083702520796
-0.603923891309497
-0.603764009834533
-0.603603998441665
-0.603443858733546
-0.603283582724941
-0.603123225534467
-0.602962695168962
-0.602802029297973
-0.602641275924832
-0.602480357880853
-0.60231925893017
-0.602158062132562
-0.601996656805426
-0.601835146890899
-0.6016734181644
-0.60151157887164
-0.601349507885999
-0.60118732378139
-0.601024927873349
-0.600862313624728
-0.600699581826424
-0.600536586684207
-0.600373468692568
-0.600210107640427
-0.60004653702479
-0.599882753380202
-0.599718810873681
-0.599554557712324
-0.599390179639461
-0.599225499275981
-0.599060659648178
-0.598895485714154
-0.598730182215836
-0.598564562791119
-0.598398757752082
-0.598232692668565
-0.598066357954057
-0.597899740362863
-0.597732876219168
-0.5975656522352
-0.597398172507241
-0.597230529118324
-0.597062493650813
-0.596894280162176
-0.596725663228485
-0.59655676187719
-0.596387681292293
-0.596218169700364
-0.596048466364372
-0.595878324613213
-0.595707988510635
-0.595537204170575
-0.59536621930018
-0.595194885047812
-0.5950230867339
-0.594851084688459
-0.594678606345272
-0.594505921614709
-0.594332746629244
-0.594159354735149
-0.593985460487828
-0.593811343024492
-0.593636777939443
-0.593461880603394
-0.593286603458337
-0.59311080013272
-0.592934770766427
-0.592758190850844
-0.59258138576603
-0.592404105810643
-0.592226463147507
-0.592048288770588
-0.591869796828918
-0.591690920003893
-0.591511458221216
-0.591331743708715
-0.59115151785217
-0.590970905635619
-0.590789668689268
-0.590608203665984
-0.59042626490105
-0.590243697620171
-0.590060804757804
-0.589877488723441
-0.589693675929181
-0.589509404064273
-0.589324482005193
-0.589139114984864
-0.588953467672993
-0.588767124867876
-0.588580483743567
-0.588393300261978
-0.588205436986514
-0.588017278315967
-0.58782840417725
-0.587639221680543
-0.587449314946607
-0.587259097083857
-0.587068136795894
-0.586876858360232
-0.586684968132261
-0.586492383896581
-0.586299482153189
-0.586105807071391
-0.585911614512348
-0.585717090365817
-0.585521887173608
-0.585326171794822
-0.585129663946029
-0.584932818590578
-0.584735167441505
-0.584537177395024
-0.584338367259794
-0.584139203591032
-0.583939201577723
-0.583738847195311
-0.583537775712516
-0.583336164160219
-0.583133847021567
-0.582930987311901
-0.582727393643032
-0.582523227972759
-0.582318508045823
-0.582112926414972
-0.581906981557268
-0.581700139150365
-0.581492934945957
-0.581284833143304
-0.581076340308445
-0.580867083162369
-0.580657228181872
-0.580446473676251
-0.580235324296234
-0.580023227693475
-0.579810762010134
-0.579597492532622
-0.579383622924869
-0.57916899483675
-0.578953722977155
-0.578737511605887
-0.578520664718765
-0.578303408537602
-0.578085392839012
-0.577866412784259
-0.577646953797072
-0.577426829723667
-0.577205715748187
-0.576983934631214
-0.576761734968844
-0.576538491823248
-0.576314821959333
-0.576090309831899
-0.575864920181207
-0.575638864982961
-0.575412019250003
-0.575184547391691
-0.574956208768572
-0.574727280145097
-0.574497377015923
-0.574267030288263
-0.574035595876455
-0.573803716817275
-0.573570747822715
-0.573337332468509
-0.573102821346927
-0.572867861291441
-0.572631799548077
-0.572395284537484
-0.57215765827036
-0.571919576258416
-0.571680381451468
-0.571440724924831
-0.571199939856528
-0.57095869595936
-0.570716540110363
-0.570473564803271
-0.570229826857997
-0.569984985402063
-0.56973967567725
-0.569493250847965
-0.569246349736361
-0.568998309976882
-0.56874979944355
-0.568500372034733
-0.56825012512562
-0.567999001417194
-0.567746948347518
-0.567494221690607
-0.567240363180445
-0.56698603482144
-0.566730541134698
-0.566474569959192
-0.566217591835471
-0.565959876576243
-0.56570100970308
-0.565441664004315
-0.565181128869949
-0.564920108753844
-0.564657885519004
-0.564395173323532
-0.564131250356342
-0.563866834735572
-0.563601424246611
-0.563335211560395
-0.563067819689746
-0.562799941727251
-0.562530855917982
-0.562261275104527
-0.561990766352923
-0.561719061201607
-0.561446868282389
-0.561173754051995
-0.560899437895802
-0.560624634656331
-0.560348908545714
-0.560072140353699
-0.55979456820024
-0.559516216842846
-0.559236663109206
-0.55895661412058
-0.558675336370217
-0.558393559622249
-0.558110843906248
-0.557827138521192
-0.557542619795932
-0.557257178340667
-0.556970866983307
-0.556683370117824
-0.556395382565945
-0.556106454511123
-0.555816592242734
-0.555525887602318
-0.555233984834564
-0.554941593131084
-0.554648257145636
-0.55435382983935
-0.554058757621634
-0.553762605692399
-0.553465703670703
-0.553167964938771
-0.552869300147503
-0.552569445424361
-0.552269089086801
-0.551967512060092
-0.551665429101684
-0.551362244615615
-0.551058185597177
-0.550753219915341
-0.550447566274181
-0.550141024310935
-0.549833457935569
-0.5495251186367
-0.549215764367753
-0.548905644911073
-0.548594592323759
-0.548282679209889
-0.547969588393192
-0.547656009195313
-0.547341381729949
-0.547025898115529
-0.546709682272876
-0.54639225448994
-0.54607433117932
-0.545755473968266
-0.545435428724765
-0.545114890699545
-0.54479340537594
-0.544471047172454
-0.544147514709377
-0.543823496177097
-0.543498565048406
-0.543172459127332
-0.54284586340425
-0.542518356756557
-0.542189873949143
-0.541860628836804
-0.541530491416867
-0.54119939644081
-0.540867498285987
-0.540534853473274
-0.540201325166655
-0.539866661750549
-0.539531530938969
-0.53919551669053
-0.538858354277721
-0.538520718160029
-0.538182194790304
-0.53784270228423
-0.537502219983938
-0.537161269318039
-0.536819427510458
-0.536476471400485
-0.536133042008975
-0.535788744021585
-0.535443582565846
-0.535097575246563
-0.534750757632584
-0.534402922169041
-0.534054483419574
-0.533705307274989
-0.53335527774231
-0.533004414125869
-0.532652796071414
-0.532300107817026
-0.531946950238106
-0.531592970497285
-0.531238183751158
-0.530882637662203
-0.530526186783576
-0.530169024111356
-0.529811159370967
-0.529452246439668
-0.529092874729043
-0.528732706481319
-0.528371786161428
-0.528009831019456
-0.527647429567219
-0.527284006777713
-0.526920155554976
-0.526555254975023
-0.5261899243957
-0.525823552420167
-0.525456740751744
-0.525088963903747
-0.524720637355652
-0.524351614964414
-0.523981596739232
-0.523611162803411
-0.523239901650595
-0.522867995539598
-0.522495130120464
-0.522121868805175
-0.52174786844714
-0.521372922105445
-0.520997345335513
-0.520621370784458
-0.520244601391686
-0.519867196339452
-0.519488988842473
-0.519110202292239
-0.518730750305633
-0.518350421364059
-0.517969718439205
-0.517588163290557
-0.517206117173423
-0.516823458074833
-0.51644011171044
-0.516056139502674
-0.515671546357817
-0.515286283086028
-0.514900428191884
-0.514513830381223
-0.514126780712129
-0.513739138254177
-0.513350860629837
-0.512961874268883
-0.512572446156371
-0.512182344644828
-0.511791748283346
-0.511400556622742
-0.511008743832532
-0.510616422328938
-0.510223479757945
-0.509830044026855
-0.509435981857708
-0.509041456353634
-0.50864637313381
-0.508250746016096
-0.507854588722689
-0.507457906103321
-0.507060691006891
-0.506662976475583
-0.506264746879721
-0.505865972556402
-0.505466762254184
-0.505067053976138
-0.504666699002599
-0.504266019218798
-0.503864911605107
-0.503463162157239
-0.503061145251452
-0.502658487694757
-0.502255565131669
-0.501852017101588
-0.501448199732462
-0.501043877570133
-0.500639155858033
-0.500233942403691
-0.499828363634532
-0.499422233459302
-0.499015856333479
-0.498609050836823
-0.498201848072171
-0.497794191059596
-0.497386215363296
-0.496977814527143
-0.49656907834924
-0.496159966448326
-0.495750481990255
-0.495340652569682
-0.494930465829131
-0.494519879499976
-0.494109033710054
-0.493697850776593
-0.493286342631478
-0.49287450852878
-0.492462349641351
-0.492049904541182
-0.491637073864416
-0.491224056383198
-0.490810749816726
-0.490397066662305
-0.489983220462254
-0.489569010532429
-0.489154638138494
-0.488739919687484
-0.488325042805075
-0.487909839072804
-0.487494483813278
-0.487078816355907
-0.486663008477372
-0.486246974917263
-0.485830670411531
-0.485414204698359
-0.484997555557791
-0.484580685218742
-0.48416365560533
-0.483746439393005
-0.483329057479035
-0.482911481831179
-0.482493769552768
-0.482075873502246
-0.481657872566663
-0.481239736479644
-0.480821467104467
-0.480403030582998
-0.479984519855335
-0.479565903840583
-0.479147154376798
-0.478728336730053
-0.478309407357415
-0.477890411741411
-0.477471328887997
-0.477052184261248
-0.47663298102311
-0.476213718646716
-0.475794403909904
-0.475375050864013
-0.474955657948799
-0.474536244658954
-0.474116794866582
-0.473697342397153
-0.47327787556004
-0.472858421753863
-0.472438960618013
-0.472019530462958
-0.471600090094996
-0.471180713049096
-0.470761324926585
-0.470342025623695
-0.469922732959113
-0.469503517872803
-0.46908436039627
-0.468665282155451
-0.468246268290402
-0.467827352133777
-0.467408509818442
-0.466989814830413
-0.466571168533516
-0.466152689595993
-0.465734250787962
-0.465316022408227
-0.464897841696409
-0.464479892446386
-0.464061994686005
-0.463644285617292
-0.463226736052631
-0.462809427129711
-0.462392192226605
-0.461975186024335
-0.46155835040064
-0.461141800234552
-0.46072533697924
-0.460309201455589
-0.459893168512656
-0.459477479374443
-0.459061895427975
-0.458646626654097
-0.458231554729165
-0.457816856130255
-0.457402277421179
-0.456988046927645
-0.456574033968423
-0.456160361608603
-0.455746977584752
-0.455333845132392
-0.454921043686195
-0.454508590464849
-0.454096407530634
-0.453684691819193
-0.453273125468501
-0.452861951544027
-0.452451189134091
-0.452040691091152
-0.45163060612795
-0.451220865188159
-0.450811514741049
-0.450402555501915
-0.449994024983336
-0.449585843434486
-0.449178230460355
-0.448770816771654
-0.448363919159993
-0.447957385389591
-0.447551469877973
-0.447145770786163
-0.446740734127586
-0.446335927655408
-0.445931705485754
-0.445527880497829
-0.445124628653059
-0.444721776069264
-0.444319622282972
-0.443917716172947
-0.443516395307147
-0.443115769918593
-0.442715401549191
-0.442315658766655
-0.441916414903963
-0.441517924293212
-0.441119720179764
-0.440722129776465
-0.440325330707481
-0.439928822085203
-0.439533160532438
-0.439137798316656
-0.438743317983529
-0.438349139439397
-0.437955717922727
-0.437562824063253
-0.437170830171799
-0.436779138749091
-0.436388152473748
-0.435998056573616
-0.435608301180328
-0.435219268775651
-0.434831167472967
-0.434443410547579
-0.434056645032607
-0.433670230679451
-0.433284667383093
-0.432899714574424
-0.432515764957909
-0.432132179239749
-0.431749395878171
-0.431367604128272
-0.430986204261354
-0.430605619054454
-0.430226073014069
-0.429846924518376
-0.429468611952384
-0.429091376593064
-0.428714569708556
-0.42833858305841
-0.42796348367156
-0.427589399229533
-0.427215732729743
-0.426843063204527
-0.426471091714413
-0.426100064786143
-0.425729793133883
-0.425360687396085
-0.424992011401988
-0.424624573684544
-0.424257587092661
-0.423891871901429
-0.423526619768442
-0.423162657939904
-0.422799161081898
-0.422436750431349
-0.422075155049368
-0.421714841322576
-0.421354999616687
-0.420996500297515
-0.42063848813878
-0.42028184809599
-0.419925704575828
-0.419570955516704
-0.419216713266828
-0.418863894551126
-0.418511577821593
-0.418160436647239
-0.417810211731623
-0.41746135787642
-0.417113017452256
-0.416765841694803
-0.416419630754643
-0.416074826338251
-0.415730550375608
-0.415387492342108
-0.415045368622995
-0.414704339910732
-0.414364453213721
-0.414025896792446
-0.413687894947311
-0.413351231969322
-0.413015597829954
-0.412680864688172
-0.41234767537257
-0.412015057309097
-0.411684041017423
-0.411353608490162
-0.41102480549087
-0.410696617238994
-0.410369980827426
-0.410044135716937
-0.40971941521209
-0.409395920990365
-0.409074020197146
-0.408752702445905
-0.40843265092829
-0.408114230251006
-0.407796419008212
-0.40748032098503
-0.407164852713302
-0.406850798787754
-0.406537855217603
-0.406226601195301
-0.405915989950133
-0.405607131177373
-0.405298920673109
-0.404992509170809
-0.404686757501436
-0.404382829889083
-0.404079561437244
-0.403777817523785
-0.403477201070602
-0.403177954266619
-0.402879966551401
-0.402583731571469
-0.402288164974547
-0.40199444747899
-0.401701419611368
-0.401409842290014
-0.401120028600947
-0.40083095095119
-0.400543307530034
-0.400257511335387
-0.399972415074732
-0.399689247225826
-0.399406789880797
-0.399126107745989
-0.398846770379508
-0.398568707635903
-0.398291697041309
-0.398016531455862
-0.39774252176812
-0.397469679396739
-0.39719835924835
-0.396928507683122
-0.396660023272789
-0.396393066851035
-0.396127385875227
-0.395863195206066
-0.395600458929102
-0.395339069694283
-0.395079417198404
-0.394820878908
-0.394563762692387
-0.394308642789154
-0.394054272830039
-0.393801507631494
-0.393550324778427
-0.39330100335853
-0.393052480865993
-0.392805569044291
-0.392560385446844
-0.392316453367982
-0.392074614609746
-0.391833543494353
-0.391594110329109
-0.391356765315352
-0.391120250244636
-0.390885465662409
-0.39065210831669
-0.39042084888693
-0.390190408711633
-0.389961661685883
-0.389735043062159
-0.389509226258478
-0.389285097371875
-0.389063139098147
-0.388842042482554
-0.388622631880481
-0.388404818858308
-0.388188627178734
-0.387974043879062
-0.387761063723491
-0.387550238631144
-0.387340231688088
-0.38713201025846
-0.386925340636848
-0.386720887883751
-0.386517279533117
-0.386315646364519
-0.386115365476258
-0.385917365462264
-0.385720226463498
-0.385525441381382
-0.385331537338233
-0.385139440783292
-0.384949104322752
-0.384760402813152
-0.384573982339938
-0.384388415347018
-0.384204642984479
-0.384023179702863
-0.383842597433515
-0.383664073368901
-0.383486948883139
-0.383312035639084
-0.383138489428149
-0.382966386828232
-0.382796685173254
-0.382627892625811
-0.382460954071206
-0.382295935553279
-0.382132475695084
-0.381970793873149
-0.381811450398884
-0.381653005543977
-0.381497027511623
-0.381341970784881
-0.381189422464317
-0.381037810064613
-0.380888145227353
-0.380740279828758
-0.38059479635791
-0.380450233048132
-0.380307579673456
-0.380166961621038
-0.380027860603918
-0.379890775104057
-0.379755177326538
-0.379622028255179
-0.379489826366236
-0.379359555575123
-0.379231211866444
-0.379105178705076
-0.378980093393808
-0.378857214602944
-0.378735813491913
-0.378616410703225
-0.378498715370995
-0.378383488855943
-0.378269203248015
-0.378156921748574
-0.378046436341521
-0.377937838666307
-0.37783170139155
-0.377726487226398
-0.377623228716051
-0.377522495524211
-0.377422727168181
-0.377325580456594
-0.377229415309624
-0.377135493675962
-0.377043147872144
-0.376953382066939
-0.376864595517329
-0.376777841930442
-0.376693299570522
-0.376610202823808
-0.376529053118073
-0.376450035749869
-0.376372519594042
-0.376297580178642
-0.376223622742189
-0.376152326539532
-0.376082033257127
-0.376014072558332
-0.37594764553015
-0.375883839765167
-0.375821031304851
-0.375760766435555
-0.375701961317656
-0.375644846671525
-0.375589789277611
-0.37553686754548
-0.375485486189544
-0.37543672335593
-0.375388956401273
-0.375343247535468
-0.375299588705869
-0.375257703867382
-0.375217945647343
-0.37517981504625
-0.375143695990092
-0.375109513941959
-0.375077108919732
-0.375046841432447
-0.37501824089957
-0.374991519896311
-0.374967382780093
-0.374944240476524
-0.374923800220078
-0.374904377763002
-0.374887076438654
-0.374871683817214
-0.374858913468956
-0.374847148948644
-0.374837937752893
-0.374830259771361
-0.374824240409426
-0.37482092942249
-0.374818629028881
-0.374818608958265
-0.374820289300881
-0.37482464453556
-0.374830000493148
-0.374837455831394
-0.374847157583468
-0.374859060012636
-0.374871997791676
-0.37488769994426
-0.374904435562073
-0.374923432757944
-0.374944188590042
-0.374967223597225
-0.374991828951754
-0.37501907321264
-0.375047330189395
-0.375078319223642
-0.375110335946474
-0.375144450005661
-0.375180573635511
-0.375219267726042
-0.375258966408626
-0.375300739845508
-0.375344508644601
-0.375390161081556
-0.375438416207077
-0.375487661604334
-0.375538943376801
-0.375592439924117
-0.375647519474169
-0.375705167393027
-0.375763894023497
-0.375824657963978
-0.375888045381834
-0.375952508529897
-0.376018916586863
-0.376087948767497
-0.376158000697642
-0.376230114926854
-0.376304418996181
-0.376380301806069
-0.376458787829649
-0.376538289313736
-0.376619914955017
-0.376703360224672
-0.37678887110426
-0.376876125138984
-0.376965951974238
-0.377056729964689
-0.377149515962905
-0.377244889683992
-0.377341254566354
-0.377440288665565
-0.37754032659799
-0.377642447477484
-0.377746435551804
-0.377852822548501
-0.37796067380043
-0.378070128253531
-0.378182184584861
-0.378295228629278
-0.378410489757079
-0.378527361484122
-0.378646171389025
-0.378767479606925
-0.378889760277354
-0.379014009212496
-0.379140791033903
-0.379268553927899
-0.379398911247032
-0.37953025185079
-0.379664219768974
-0.379799171054177
-0.379936756243351
-0.380075318262489
-0.380215903152438
-0.380358315225815
-0.380502858248677
-0.380648850846382
-0.380797339514112
-0.380946763415454
-0.381098117604656
-0.381251901238109
-0.381406663912266
-0.381563338976519
-0.381722466724995
-0.381882549385434
-0.382044871223692
-0.382209147144236
-0.382374392218752
-0.382542190656769
-0.382710939526655
-0.382882225144623
-0.38305445612523
-0.38322881036311
-0.383404669970522
-0.383582969096697
-0.383762168900372
-0.383943250802711
-0.384126122857844
-0.384311281979425
-0.384497351752559
-0.38468586396496
-0.384875266348076
-0.385066516918839
-0.385260103135194
-0.385454629095563
-0.385650904819166
-0.385849508335109
-0.386049000967388
-0.386250871487725
-0.386453635957927
-0.386658218061479
-0.386864545732169
-0.387072484712855
-0.387282654490956
-0.387493684425616
-0.387707016742852
-0.38792121885815
-0.388137171267599
-0.388355136398795
-0.388574840638973
-0.388795419257091
-0.38901830526435
-0.389242048075907
-0.38946754407767
-0.389695193173778
-0.389923691854052
-0.390153930714263
-0.390385713663657
-0.390619191284654
-0.390854139671089
-0.391090594704946
-0.391329086538289
-0.391568423024695
-0.391809373296387
-0.392052398392844
-0.392296221736351
-0.39254217564567
-0.392788931258149
-0.393037533285099
-0.393287341862034
-0.393539216513918
-0.39379186901546
-0.39404612988148
-0.39430184792549
-0.394559531880116
-0.394817988525364
-0.395077977482123
-0.395339517221409
-0.395602391063874
-0.395866693416204
-0.396132409198242
-0.396399506576714
-0.396668036732877
-0.39693789431411
-0.397209107468909
-0.397482146776722
-0.397755893541523
-0.398031532080541
-0.398307889913917
-0.398585690914126
-0.398864899343668
-0.399145391909959
-0.3994276596534
-0.399710610899532
-0.399994937809106
-0.400281026392422
-0.400567790177958
-0.40085592689477
-0.401145341953789
-0.4014361367586
-0.401728039461694
-0.402021204869643
-0.402315596794128
-0.402611209657512
-0.402908027140669
-0.403206440184777
-0.40350547422443
-0.403806162706566
-0.404107478460639
-0.404410373030219
-0.404714099454609
-0.405018918774799
-0.405325183106252
-0.405632650962789
-0.405940733593168
-0.406250034803492
-0.406560641017649
-0.406872132819746
-0.40718474793218
-0.407498454735091
-0.407813375663058
-0.408129151082644
-0.408446350071323
-0.408764089233539
-0.409083019126319
-0.409402852970971
-0.409724061498671
-0.410045799573949
-0.410368931286325
-0.410692730053948
-0.411017369829726
-0.411343369146328
-0.411669867595534
-0.411997389882204
-0.412326185560919
-0.412655454768322
-0.412985731883399
-0.413316884676823
-0.413649256675979
-0.41398207206578
-0.414315814409248
-0.41465071372042
-0.414986060703315
-0.415322487747732
-0.415659671040803
-0.415997455318713
-0.416336174595717
-0.416675864310006
-0.417015975170068
-0.417356931503231
-0.417698902672537
-0.418041272873008
-0.418384682545604
-0.41872848283382
-0.419073128394444
-0.419418392267554
-0.419764601263031
-0.420111177658297
-0.420458471841203
-0.420806652732529
-0.421155176565247
-0.421504591738347
-0.421854341789916
-0.422204956115925
-0.422555894890519
-0.422907668337017
-0.423259754586579
-0.423612643007241
-0.423965831152964
-0.424319660756772
-0.424673957452508
-0.425028963238922
-0.425384238200412
-0.425740207136086
-0.426096431066799
-0.426453205949595
-0.426810387387794
-0.427168053583335
-0.427526146738763
-0.427884620802252
-0.428243641744587
-0.428602873112104
-0.42896263531453
-0.429322597058073
-0.429683065990439
-0.430043716642839
-0.430404727858313
-0.430766084053697
-0.431127729522946
-0.431489674791411
-0.43185190213413
-0.432214483463396
-0.432577198849317
-0.4329402454772
-0.433303418907808
-0.433666824049951
-0.434030505082772
-0.434394293175392
-0.434758324305171
-0.43512244872463
-0.435486784009802
-0.435851198199573
-0.436215752855434
-0.43658042148791
-0.436945226977358
-0.437310076406731
-0.437675040852821
-0.438040021246128
-0.438405052619203
-0.438770134958175
-0.439135224110781
-0.439500322862166
-0.439865418364725
-0.440230485202136
-0.440595532534345
-0.440960527305703
-0.441325468647655
-0.441690305497583
-0.442055064391228
-0.442419759791426
-0.442784344961383
-0.443148747014458
-0.44351307704032
-0.443877181854775
-0.444241200375026
-0.444604952800458
-0.44496860404954
-0.445331949478554
-0.445695179002812
-0.446058082305017
-0.446420801676301
-0.44678327554288
-0.447145449155229
-0.447507338050542
-0.447868906785306
-0.448230170346167
-0.44859099100493
-0.44895162087104
-0.4493118680425
-0.449671598414646
-0.450031127556513
-0.450390081014978
-0.450748815510684
-0.451106926992182
-0.451464803848275
-0.451822169909325
-0.452179064998203
-0.452535288395589
-0.452891252420406
-0.453246585334721
-0.453601488910302
-0.453955632057312
-0.454309484558319
-0.454662508237167
-0.455015234584556
-0.455367309189737
-0.45571852817831
-0.456069417604936
-0.456419383705602
-0.456769001486128
-0.457117782396443
-0.457465962568526
-0.457813475677648
-0.458159997104743
-0.458506128333016
-0.458851209645832
-0.459195887504785
-0.459539451426732
-0.459882597721547
-0.460224784572262
-0.460566253631489
-0.460906749357205
-0.461246542057176
-0.461585342498471
-0.461923405658717
-0.462260255410834
-0.462596632850427
-0.462932027119874
-0.463266267275038
-0.463599497339517
-0.463932205747716
-0.464263508366068
-0.464594282302149
-0.464923606666507
-0.465252384428396
-0.465579670197047
-0.465906291417584
-0.46623190873381
-0.466556003154608
-0.466879396971495
-0.46720177215483
-0.467522564740982
-0.467842755213589
-0.468161299051472
-0.468479207236266
-0.468795436544173
-0.469111027031235
-0.469424878540938
-0.469738069164613
-0.470049898807591
-0.470360013324656
-0.470669460613523
-0.470977077418875
-0.471283995473473
-0.47158902779745
-0.471893366083382
-0.472196153098892
-0.472497681165211
-0.472797319218217
-0.473095723521847
-0.473393351626982
-0.473688925394118
-0.473983727710409
-0.474276593523858
-0.474568389114253
-0.474858726409952
-0.475147315483965
-0.475434663636929
-0.475720202093714
-0.47600454477086
-0.476286755551768
-0.476568155205473
-0.476847327229662
-0.477125653688145
-0.477402061699184
-0.47767707413367
-0.477949830452207
-0.478221718548077
-0.478491701449457
-0.478760151501095
-0.479026290277189
-0.479291531049906
-0.47955470271297
-0.479816437341427
-0.4800763261144
-0.480333885846351
-0.480590506885472
-0.480844610700245
-0.481097747052394
-0.48134828559445
-0.481597844243937
-0.481844758108402
-0.482090674554024
-0.482334140532838
-0.482575566656555
-0.482815935808647
-0.483053544035442
-0.483290111918838
-0.483523868803747
-0.483756544131972
-0.483986418521196
-0.484215224649483
-0.484441142739417
-0.484665982783518
-0.484887905284331
-0.485108729945224
-0.485326595988983
-0.485543350607738
-0.485757107391148
-0.485969738251408
-0.486179332881226
-0.486387785919267
-0.486593171678311
-0.486797391697846
-0.486998486626696
-0.487198421045635
-0.487395195377156
-0.487590756241653
-0.487783901069866
-0.48797446464364
-0.488163176284925
-0.488348759899703
-0.488533184430217
-0.488714361403636
-0.488894310742049
-0.4890715129454
-0.489246671487801
-0.489418591024901
-0.489589269705083
-0.489756803782071
-0.489922431040881
-0.490086001397293
-0.490246194855936
-0.490405105260695
-0.490560541730553
-0.490714674504326
-0.490866097559625
-0.491015043326101
-0.491160596459707
-0.49130484311026
-0.491445541819333
-0.491584900724808
-0.491720638063122
-0.491855015054545
-0.491985713967781
-0.492115039619869
-0.49224149662917
-0.492365360830497
-0.492486282372606
-0.492604946570551
-0.492720007822221
-0.492833699688519
-0.492944313606464
-0.493052551448549
-0.493157903546492
-0.493260695628638
-0.493360678997548
-0.493458019304433
-0.493552629445711
-0.493644336033247
-0.493733635673347
-0.493819230737415
-0.493903376016971
-0.493983592491903
-0.494062321526659
-0.494137037316812
-0.4942102431678
-0.494279381881522
-0.494346994559993
-0.494410498757955
-0.494472463492702
-0.494530283705631
-0.494586552128643
-0.494638872074609
-0.49468898512527
-0.494736422539387
-0.494780189152102
-0.494821681645944
-0.494860196411978
-0.494895341391034
-0.494927947758136
-0.494956468252534
-0.494983427395955
-0.495006993822479
-0.495027745492649
-0.495045158580419
-0.495059847568736
-0.495070976423842
-0.495079239741285
-0.495084976650797
-0.495086487407347
-0.495086369056251
-0.495081854692514
-0.495075682120147
-0.495065047580391
-0.495052734659722
-0.495036193234339
-0.495017157862614
-0.494995348569721
-0.494969088408373
-0.494941139244725
-0.494909515874383
-0.494874950138485
-0.4948359817853
-0.49479532377903
-0.494750751548126
-0.494703520631522
-0.494652826168434
-0.494599016002696
-0.494541839760531
-0.494481496015629
-0.494416770262446
-0.494350344396994
-0.494280426198479
-0.4942070657028
-0.494130529764854
-0.494050615759249
-0.493966338027312
-0.493880326369648
-0.493790466715112
-0.493697661382389
-0.493600264772366
-0.493501109382647
-0.493397198785445
-0.493291496292543
-0.493180958002821
-0.493068619532092
-0.492952596913681
-0.492832408281611
-0.492709690391687
-0.49258228392985
-0.492453048926068
-0.49232012693375
-0.492183039557947
-0.492042180811318
-0.491899474294631
-0.491752551524154
-0.491602756819828
-0.491448146701086
-0.491291705336038
-0.491131161224662
-0.490967596306676
-0.490800337753077
-0.490629665753404
-0.490454287192288
-0.490277091330347
-0.490096157195234
-0.48991048593081
-0.489722965785197
-0.489530478137856
-0.489334825519385
-0.489137205334883
-0.488934437300594
-0.488729751854608
-0.488520959592125
-0.488308832953425
-0.488092743694711
-0.487873477283385
-0.487649377368685
-0.487423416963942
-0.487192442746461
-0.486959573167334
-0.486721621280213
-0.486481756899398
-0.48623677686137
-0.485989875541322
-0.485737845912272
-0.485483891047148
-0.485225535636473
-0.484964195842518
-0.484698803584174
-0.484430184927799
-0.484156664769538
-0.483881262847814
-0.483602021000452
-0.483318188430235
-0.483031570249473
-0.482741832064335
-0.482448273394632
-0.482150363104995
-0.481849388381569
-0.481545387721673
-0.48123735488308
-0.480926044014978
-0.480609827434296
-0.48029172196107
-0.479968525390536
-0.479643414629263
-0.479314286112633
-0.478981625635897
-0.478645246195275
-0.478304852733256
-0.47796111036195
-0.477614140758175
-0.477262263081683
-0.476908496856324
-0.476549648830764
-0.476188880487589
-0.475822970663507
-0.475455127706025
-0.47508212069339
-0.474707176663428
-0.474327063961101
-0.473945012941848
-0.473557788641264
-0.47316862984308
-0.472774304667465
-0.472378041632158
-0.47197661822966
-0.471573258163639
-0.471164745235821
-0.470754296406458
-0.470339896918747
-0.469921350161341
-0.469499844545345
-0.469074554775498
-0.468645819889092
-0.468212270027052
-0.467776852364181
-0.467337604509554
-0.466893997273891
-0.466447850263124
-0.465997085756887
-0.465543837625496
-0.465087211704405
-0.464625674109611
-0.464162263752753
-0.463693834837817
-0.463223517643326
-0.462749072322341
-0.462271439746108
-0.461788953085777
-0.461304612546358
-0.460815302608472
-0.460324119603056
-0.459828990100106
-0.459330495044571
-0.45882722245987
-0.458322089205196
-0.45781254034868
-0.457300180010782
-0.456784595114638
-0.456264210546768
-0.455741990769805
-0.455214882394727
-0.454685928355479
-0.454152056497796
-0.45361633832658
-0.453075704425545
-0.452531972749687
-0.45198631895709
-0.451436315749189
-0.450883542035459
-0.450325994464763
-0.4497666410329
-0.449202458995916
-0.448636465307483
-0.448065644570608
-0.447493017782564
-0.446915575734408
-0.446336332607233
-0.44575228957259
-0.445166460053582
-0.444576721035889
-0.443983972153845
-0.443386655803907
-0.442787597816021
-0.442183877214294
-0.441578402286989
-0.440969075476268
-0.440356832179486
-0.439740098970346
-0.439121646532218
-0.438498615984731
-0.437873847841701
-0.437245580928525
-0.436613890871367
-0.435979119167356
-0.43534005420526
-0.434699324320395
-0.434054135646085
-0.433407251495367
-0.432756954336202
-0.432103407817045
-0.431446697836564
-0.430785827220932
-0.430123332367201
-0.429456474597397
-0.428787975952342
-0.428115442944915
-0.427439959490037
-0.426762212280273
-0.426081413523598
-0.425396382857197
-0.424709749212465
-0.424019829886338
-0.423326336041952
-0.422630493649641
-0.421931662929397
-0.421229362782844
-0.420524700602464
-0.419815993224773
-0.419105765174814
-0.418392373497215
-0.417675817248027
-0.416956623730989
-0.416234133670383
-0.415509334568533
-0.414780626101963
-0.414050433537358
-0.413316228999896
-0.412580525466145
-0.411841787504559
-0.411099212565358
-0.410355167253313
-0.409607195956601
-0.408857683340999
-0.408105313256012
-0.407349159291862
-0.406591569381712
-0.405830673327616
-0.405067548829842
-0.404300771023773
-0.403532583633119
-0.402760637804621
-0.401987283199814
-0.401210823347549
-0.400432066786204
-0.399649735552564
-0.398866047519446
-0.398079251768448
-0.397290354494332
-0.396497975951128
-0.395704268272673
-0.394907018030672
-0.394108440312704
-0.3933063428635
-0.392502919033367
-0.391696859616026
-0.390887457148639
-0.390076786022204
-0.38926272495115
-0.388446532261629
-0.387629022290157
-0.386808360611182
-0.385985487758504
-0.38516036846752
-0.384333071797775
-0.383503855855042
-0.382672477433294
-0.381837941383293
-0.381002219596891
-0.380163926510158
-0.379323393222761
-0.378480962643624
-0.377635838827229
-0.376789163648708
-0.375939817421305
-0.375088923194356
-0.374236011768474
-0.373380252803923
-0.372523416480657
-0.37166370310517
-0.370802917176407
-0.369939278415401
-0.369074583437415
-0.368207075131482
-0.367338526667178
-0.366467214701551
-0.365594866656507
-0.364719825877619
-0.363843781652452
-0.362965077303945
-0.362085390435629
-0.361203439876945
-0.360320035891656
-0.359434162931499
-0.358547363768908
-0.357658092527972
-0.356767908525131
-0.355875289270807
-0.354981777999685
-0.354085885741348
-0.353189116069121
-0.352290019272203
-0.351390065853686
-0.350487841658555
-0.34958472497598
-0.348679770516781
-0.347773565558305
-0.346865270828447
-0.345956193720171
-0.345045037699321
-0.34413311414947
-0.343219155980591
-0.342304454397032
-0.341387763269282
-0.340470356021157
-0.339551458133826
-0.338631061236036
-0.337709284660476
-0.336786344094663
-0.335862025946948
-0.334937028467745
-0.334010265312767
-0.333082862760218
-0.332153766154488
-0.331223885704488
-0.330292956967872
-0.329360927969476
-0.328427388215356
-0.32749329200954
-0.326558038682312
-0.325621768150972
-0.324684157932827
-0.323746040183963
-0.322806882923846
-0.321866468607147
-0.320925580007847
-0.319983430255516
-0.319040822543298
-0.318097000915595
-0.317152743111255
-0.316207329876557
-0.315261473245955
-0.314314708866308
-0.313367081539028
-0.312419069097898
-0.311470051757013
-0.310520579543902
-0.309570513059515
-0.308619725857739
-0.307668410949119
-0.306716298672914
-0.305763885661875
-0.304810719764429
-0.303857282356638
-0.302903143582306
-0.301948751940352
-0.300993816888292
-0.300038507956823
-0.299082643125491
-0.298126584039451
-0.297170009176386
-0.296213265623743
-0.295256070964872
-0.294298694395222
-0.293341067751535
-0.292383094647009
-0.291425003879939
-0.290466675474081
-0.289508136114943
-0.288549517737236
-0.287590704510667
-0.286631824038272
-0.285672864801633
-0.284713811351491
-0.283754743909399
-0.28279564667086
-0.281836557716149
-0.280877493444502
-0.279918479283665
-0.27895954688307
-0.27800072255677
-0.277041969892866
-0.276083410629193
-0.275124949221987
-0.274166698769073
-0.27320863602178
-0.272250891306161
-0.27129328940901
-0.270336073398234
-0.269379025416724
-0.268422432764049
-0.267466032164013
-0.266510152498618
-0.265554491676855
-0.264599415450269
-0.263644579899997
-0.262690394947226
-0.261736480788882
-0.260783128438208
-0.259830280257223
-0.258877993551014
-0.257926463128172
-0.256975262474428
-0.256024819930327
-0.255074938032322
-0.254125633809177
-0.253177269088192
-0.252229283987566
-0.251282321440551
-0.250335846343596
-0.249390087042986
-0.248445429337549
-0.247501329380042
-0.24655796590601
-0.245615523256387
-0.244673967000215
-0.24373329853044
-0.242793873588457
-0.241854952803363
-0.240917390863756
-0.239980360071179
-0.239044761830904
-0.238109824948503
-0.237175873842066
-0.23624321384557
-0.235311837799861
-0.23438148449355
-0.233451774380405
-0.232523753632384
-0.231596821933735
-0.230670576349352
-0.229745725286598
-0.228822204609996
-0.227899871287135
-0.226979301965011
-0.226059441339401
-0.225141131294048
-0.224224111981962
-0.22330832584837
-0.222394449962525
-0.221481329295002
-0.220570225862649
-0.219659924422464
-0.218751695571534
-0.217844285025191
-0.216939030921998
-0.216034609964646
-0.215132413092603
-0.214231081166442
-0.21333202192363
-0.212433836963907
-0.211537874268169
-0.210643121589404
-0.209749965064914
-0.20885881158406
-0.207969101749062
-0.207081107021884
-0.206195019280108
-0.205310527436629
-0.204428004190496
-0.203547691085838
-0.202668352194857
-0.201791614253524
-0.20091589508544
-0.200042490940256
-0.19917080937895
-0.198300841996498
-0.197433079034862
-0.196567058211753
-0.19570369628262
-0.194841395074716
-0.193981236902845
-0.193123843806034
-0.192267537019089
-0.191413489299967
-0.19056148681916
-0.189712340859717
-0.188864311918817
-0.188019282883928
-0.187175408739864
-0.186334623194088
-0.18549507189512
-0.184657821464901
-0.183823642467285
-0.182990656695754
-0.1821608700863
-0.181332307862487
-0.180507009293076
-0.179682957364532
-0.17886144426281
-0.178042942883165
-0.177226122445439
-0.176411527933083
-0.17560022167147
-0.174790204760971
-0.173982788189447
-0.173177995279052
-0.172376313727199
-0.1715759438919
-0.170778552190626
-0.169983274786594
-0.169191410559268
-0.168400892779202
-0.167613732271172
-0.166828673615866
-0.166045789285091
-0.165266503095832
-0.164488606898372
-0.163714428439392
-0.162941664271403
-0.162171894993062
-0.161404885106748
-0.160640291840019
-0.159879353981226
-0.159119843560921
-0.158364152142057
-0.15760992041836
-0.156858718795899
-0.156110649958392
-0.155364816438126
-0.154621991610364
-0.153881767164761
-0.153145314768922
-0.15241033957735
-0.151678666431683
-0.150949455692867
-0.150223801708623
-0.149501165007024
-0.148780093407889
-0.148062450547908
-0.147347376780076
-0.146635763459368
-0.145926459166838
-0.145221187571223
-0.144517493424598
-0.143817944275604
-0.143119986210621
-0.14242575279174
-0.141734915684263
-0.14104573046746
-0.140359806041756
-0.139677728341398
-0.138998433196869
-0.138321330426853
-0.137647836487886
-0.136976963642696
-0.136309714572488
-0.135644950299724
-0.134984185054036
-0.134325719966695
-0.133670147124359
-0.133017676413438
-0.132368888013406
-0.131723658971943
-0.131080122210414
-0.130439997580485
-0.129804177749478
-0.129170040689374
-0.128539299479151
-0.127911862581242
-0.127287675433915
-0.126667003877021
-0.126049010746859
-0.12543538631062
-0.124823455008411
-0.124216072334703
-0.123610475040121
-0.123009430929688
-0.122410145500879
-0.121814580835659
-0.121222162448074
-0.120633433366895
-0.120047512005871
-0.119466085739333
-0.118886396478339
-0.118310216846549
-0.117738564919121
-0.117168663878056
-0.11660238683592
-0.116039408368329
-0.115479875188285
-0.114924141313867
-0.114371029515746
-0.113822490531317
-0.113275722554235
-0.112733696356548
-0.112193471523928
-0.111658055734555
-0.1111245751251
-0.110594585444248
-0.110068473666825
-0.109545464622034
-0.109025770218267
-0.108509560391022
-0.107996959592663
-0.107487453760419
-0.106982540321626
-0.106479414284546
-0.105980351235428
-0.105484167144113
-0.104992130821619
-0.104502726539852
-0.104016880122741
-0.103535688870336
-0.103056308291166
-0.102581784463898
-0.102109144194112
-0.101641377520383
-0.101175476442797
-0.100713850950926
-0.100255577365117
-0.0998002127110129
-0.0993496876395468
-0.0989010104736719
-0.0984572806344245
-0.0980154180158075
-0.0975773114876906
-0.0971440225349983
-0.0967125747160459
-0.096284857078275
-0.0958619322091066
-0.0954408986794478
-0.0950247536026994
-0.0946104815993174
-0.094200010010465
-0.0937943282889466
-0.0933905046064833
-0.0929906516205552
-0.092594098705759
-0.0922011616037303
-0.091811916376111
-0.0914259127026169
-0.0910446252364741
-0.0906651696191865
-0.0902906374019347
-0.0899179716043024
-0.0895492645761851
-0.0891839070094919
-0.0888233479078306
-0.0884646453820227
-0.0881108935513156
-0.0877590194973354
-0.0874121525469053
-0.0870671732020019
-0.0867272233049017
-0.0863891635988102
-0.0860561433142342
-0.0857250144148921
-0.0853981016434483
-0.0850742796506921
-0.0847542131231114
-0.0844375054674306
-0.0841248359365061
-0.0838150038276618
-0.0835099515022015
-0.0832067375330117
-0.0829074665133137
-0.0826114695971922
-0.0823202458131019
-0.0820308593058223
-0.0817453999574457
-0.0814632488454086
-0.0811858303725134
-0.0809102575713349
-0.0806383977847468
-0.0803704447645268
-0.0801055499206701
-0.079844259267136
-0.0795875814971062
-0.0793327237855236
-0.0790827518720196
-0.0788346304173057
-0.0785914577234291
-0.0783501507616752
-0.0781125889513539
-0.0778786163225966
-0.0776481660990203
-0.0774223487658948
-0.077198363317533
-0.0769780264766425
-0.076761548895692
-0.0765480825554073
-0.076338136840616
-0.076132803928358
-0.0759292665202544
-0.075730551832281
-0.0755336688776722
-0.0753409537800848
-0.0751510798647685
-0.0749659566123993
-0.0747826448455292
-0.0746041851392661
-0.0744275505162519
-0.074255799315204
-0.0740858764056046
-0.0739196366322771
-0.0737580961052988
-0.0735983515917899
-0.0734434252816361
-0.0732903087495887
-0.0731420389043247
-0.0729955800282183
-0.0728527962469352
-0.0727138662072286
-0.0725778192327905
-0.0724452320310619
-0.0723171860709799
-0.0721908722671519
-0.0720681116057109
-0.0719499226049529
-0.0718334952883659
-0.0717217801853513
-0.071611838785521
-0.0715055005748232
-0.0714037174799972
-0.0713036880576677
-0.071208033070169
-0.0711152239851078
-0.071025048680875
-0.0709395277738335
-0.0708557620891015
-0.0707755413340399
-0.0706998462476863
-0.070625915460128
-0.0705554954370747
-0.0704894889528856
-0.070425209539951
-0.0703644173601454
-0.0703080885177882
-0.0702534710849291
-0.0702023186316715
-0.0701545970335297
-0.070109995980058
-0.0700691225725235
-0.0700308008401546
-0.0699968523267543
-0.0699645911405108
-0.0699357329514081
-0.0699112480284829
-0.0698884377428683
-0.0698691414615542
-0.0698534602286035
-0.0698403685455672
-0.0698304374690294
-0.0698248047265605
-0.0698208221621145
-0.0698212877612521
-0.0698234227887231
-0.069828934728265
-0.0698387605838854
-0.0698502326398528
-0.0698652690239346
-0.0698831888171686
-0.0699053625798414
-0.069929169111237
-0.0699573480397951
-0.0699871689703953
-0.0700206043460064
-0.0700568071823232
-0.0700972350784584
-0.070139299005312
-0.0701854633710265
-0.0702337640733208
-0.0702849936271293
-0.0703404425530253
-0.0703974937189592
-0.0704588474984475
-0.0705218147182405
-0.0705881016512134
-0.0706574331862209
-0.0707298365811584
-0.0708056062189784
-0.0708837723675683
-0.0709654008960616
-0.0710494394706968
-0.0711375293371931
-0.0712271646549145
-0.0713209686038306
-0.071416337793278
-0.0715159007154239
-0.0716173072324721
-0.0717214838074763
-0.071829753901906
-0.0719395704768082
-0.0720532933056754
-0.0721692539802301
-0.0722878004643204
-0.0724097239360893
-0.0725341019707295
-0.0726616841626848
-0.0727918152362554
-0.0729258254081668
-0.0730613909922487
-0.073199876882071
-0.0733422479966455
-0.0734861034352031
-0.0736333078364408
-0.0737829433130537
-0.0739355982285778
-0.0740909357374382
-0.074249274208614
-0.0744100625170961
-0.0745746115091961
-0.074740601344198
-0.0749095244620054
-0.0750822036328604
-0.0752563191450745
-0.075434313330116
-0.0756137592354482
-0.0757971008795411
-0.0759818934482752
-0.0761705764384215
-0.0763607059389135
-0.0765547115962441
-0.0767501573924762
-0.076948558704049
-0.0771506030374159
-0.0773540538650783
-0.0775612976134808
-0.0777699505513069
-0.0779814621777815
-0.0781966143270904
-0.0784131461475394
-0.078632952978156
-0.07885504085692
-0.0790795078812129
-0.0793075709952817
-0.0795369939012772
-0.0797700903155137
-0.0800045559210425
-0.0802427026554767
-0.0804822197103257
-0.0807247631498046
-0.0809695853571352
-0.0812170942103245
-0.0814670920852831
-0.081720493394362
-0.08197520140468
-0.0822325932925906
-0.0824926073231011
-0.0827550104965428
-0.0830207647156351
-0.0832878021474995
-0.0835577536682695
-0.0838298209491298
-0.0841052575756938
-0.0843819772611698
-0.0846621616061859
-0.0849436344552932
-0.0852277833654137
-0.0855144088257155
-0.0858042498565826
-0.086095351309466
-0.0863890325328397
-0.0866859628785782
-0.0869841409750146
-0.0872856922140652
-0.0875884973076137
-0.0878938659942205
-0.0882024623394719
-0.0885122938898428
-0.0888254474665533
-0.0891398358748379
-0.0894570030214847
-0.0897761939030233
-0.0900978527202485
-0.0904217428954693
-0.090748729289514
-0.0910768987732427
-0.0914082818369752
-0.0917408624590029
-0.0920759000219338
-0.0924137650558807
-0.0927537381790665
-0.0930954585755596
-0.0934392802338302
-0.0937862078632691
-0.0941343041463416
-0.0944855550906817
-0.0948379764849727
-0.0951930382387718
-0.0955502532795755
-0.0959093686548811
-0.0962714977629327
-0.0966347596405349
-0.0970003457063472
-0.0973684734179839
-0.0977383251034674
-0.0981104028124141
-0.0984845646142171
-0.0988615865868372
-0.0992396991018607
-0.0996200983999782
-0.100002607098503
-0.100387906804937
-0.100774291635895
-0.101162913840445
-0.101554335572918
-0.101946835012217
-0.102342260077691
-0.102738763840215
-0.103137492285738
-0.103539013219213
-0.103941586891927
-0.104346333235133
-0.104753848338806
-0.105162412046717
-0.105573157910093
-0.105986109411972
-0.106400796734993
-0.10681750617481
-0.107236200992623
-0.107656984660046
-0.108079493980825
-0.108503983555111
-0.108931056077045
-0.109359126224826
-0.109789627937983
-0.110222215203026
-0.110655834703463
-0.111091761686004
-0.111529334334708
-0.111969279700704
-0.112411244000148
-0.112854220776697
-0.113299237562896
-0.113746219705109
-0.114195687010884
-0.114646116588195
-0.115098515120301
-0.115553429071912
-0.116009296606577
-0.116467119754106
-0.116927428766671
-0.117388674402992
-0.117851892957325
-0.118316929524213
-0.118784349163574
-0.119252698972622
-0.119722941823343
-0.120195007070145
-0.120668851987031
-0.121144497891579
-0.121621805128848
-0.122101441203627
-0.122581963416909
-0.123064917334636
-0.12354877222878
-0.124034727332073
-0.124522081080882
-0.125011493623829
-0.125502240200592
-0.125994736072548
-0.126488945904043
-0.126984803847429
-0.127482312693736
-0.127981929449695
-0.128482675408694
-0.128984961738794
-0.129489500830853
-0.129994892770723
-0.13050202735307
-0.131010905133331
-0.131521469023393
-0.132033425764979
