-1.91986217719376
-1.91952091289258
-1.9187073416134
-1.91850649153845
-1.91495662516659
-1.91423011580515
-1.91269856497356
-1.91121943525988
-1.90989203662799
-1.90850835032073
-1.90718799671421
-1.90636792518632
-1.90489072899511
-1.90431479970676
-1.90292095566869
-1.90209480426192
-1.90104029491103
-1.90008569765814
-1.89916638658295
-1.89828316880244
-1.89738360379242
-1.89652376919376
-1.89565286626032
-1.89479630072975
-1.89393601381584
-1.89307931654653
-1.89222268259439
-1.89136599006649
-1.89050846926497
-1.8896498198138
-1.88878954201247
-1.88792767813256
-1.88706362968532
-1.88619741984419
-1.88532907937657
-1.88445840202245
-1.88358525248725
-1.88270943736967
-1.8818314482651
-1.88095140700163
-1.8800689750697
-1.87918464149632
-1.87829838782539
-1.87741011315254
-1.8765200983799
-1.87562829628567
-1.87473492340061
-1.87384007054232
-1.87294376218518
-1.87204602953571
-1.87114699776219
-1.87024682730486
-1.86934559188918
-1.86844329667462
-1.86754000023285
-1.86663589187105
-1.86573090075072
-1.86482512231323
-1.86391851810548
-1.86301130068388
-1.86210347147785
-1.86119494315945
-1.86028581949161
-1.85937625002745
-1.85846615333171
-1.8575555975499
-1.85664462257069
-1.85573316347027
-1.85482137265677
-1.85390916279614
-1.85299659110594
-1.85208372730516
-1.85117059229616
-1.85025701946104
-1.84934322061885
-1.84842919695463
-1.84751483739775
-1.84660029988318
-1.84568543566391
-1.84477040890644
-1.84385512166486
-1.84293959767199
-1.8420238756535
-1.84110799368221
-1.84019184911956
-1.83927553994525
-1.83835900617209
-1.83744232771325
-1.83652550543405
-1.83560845990659
-1.8346912021036
-1.83377380410199
-1.83285618116487
-1.83193847401376
-1.8310205469697
-1.83010249149766
-1.82918421225439
-1.82826586258344
-1.82734727658197
-1.82642858679444
-1.82550970962389
-1.82459067532784
-1.82367147992839
-1.82275213911201
-1.82183262476182
-1.82091290041068
-1.81999317759992
-1.81907317177653
-1.81815309558127
-1.81723281319646
-1.81631242250212
-1.81539183769974
-1.81447113591388
-1.81355022999939
-1.81262918345719
-1.81170799876047
-1.81078660883979
-1.80986510085918
-1.80894349264799
-1.80802168159441
-1.80709971410661
-1.80617757943913
-1.80525530685197
-1.80433292140346
-1.80341041386542
-1.80248759591323
-1.8015647370953
-1.80064171159056
-1.79971845984113
-1.79879512143785
-1.79787161791306
-1.79694793608802
-1.7960240759186
-1.79510009277695
-1.79417591109715
-1.79325157344725
-1.79232708755185
-1.79140242126917
-1.79047763804348
-1.78955267254599
-1.78862755964358
-1.78770224480634
-1.78677678881494
-1.78585114868486
-1.78492535371828
-1.78399937112381
-1.78307321643533
-1.782146936441
-1.78122044291792
-1.78029379549387
-1.7793670606998
-1.7784399895925
-1.77751288378026
-1.77658557435644
-1.77565802398652
-1.77473037772743
-1.77380253735299
-1.77287447590579
-1.77194628835442
-1.77101787275378
-1.77008927991679
-1.76916060707743
-1.76823161958431
-1.76730253766832
-1.76637326211261
-1.76544379856889
-1.76451410976701
-1.76358433444698
-1.76265429733861
-1.76172408121697
-1.76079368748367
-1.75986309885721
-1.75893231776026
-1.75800132699725
-1.75707015828382
-1.75613882402742
-1.7552073053835
-1.75427554928879
-1.75334361111493
-1.75241152862452
-1.75147918994734
-1.75054669193233
-1.74961398419896
-1.74868107890496
-1.74774793631287
-1.74681463108008
-1.74588110999557
-1.74494740975132
-1.74401351747621
-1.74307937820361
-1.74214503957254
-1.74121047351809
-1.74027577085225
-1.73934079508382
-1.73840566174801
-1.73747029499991
-1.73653472794568
-1.73559890683037
-1.73466292410635
-1.73372671266759
-1.73279024815966
-1.73185362520556
-1.73091674392276
-1.72997969134547
-1.72904241291429
-1.72810488095685
-1.72716713670014
-1.72622917691403
-1.72529100018544
-1.72435256569017
-1.7234139426199
-1.72247510710017
-1.72153605335468
-1.72059677728115
-1.71965722854566
-1.71871746097568
-1.7177775021613
-1.71683724156818
-1.71589682555401
-1.71495613925697
-1.71401525796251
-1.71307406426623
-1.7121327264156
-1.7111910724393
-1.71024927319665
-1.70930712492192
-1.70836480065826
-1.70742227371463
-1.70647945664509
-1.70553646148581
-1.70459312298393
-1.70364963001613
-1.70270583644978
-1.70176183844364
-1.70081755383607
-1.69987307330235
-1.69892831057816
-1.69798333367676
-1.69703806247751
-1.69609262130935
-1.69514688134576
-1.69420086830084
-1.6932546200139
-1.69230813756988
-1.69136138266124
-1.6904143746288
-1.68946713926089
-1.68851961450998
-1.68757185652664
-1.68662384737689
-1.68567557334573
-1.6847270424164
-1.6837782535369
-1.68282920686945
-1.68187989923228
-1.68093033163428
-1.67998050228053
-1.67903041243757
-1.67808005931364
-1.67712944455271
-1.67617856519353
-1.67522742332658
-1.67427601565441
-1.67332434374367
-1.67237240544137
-1.67142020145515
-1.67046772991833
-1.66951499180936
-1.66856198495502
-1.66760871054905
-1.66665516623409
-1.66570135350656
-1.66474726995975
-1.66379291663781
-1.66283829191637
-1.66188339621115
-1.66092822826678
-1.65997278849994
-1.6590170756664
-1.65806109016698
-1.65710483077706
-1.6561482979022
-1.6551914904447
-1.65423440879997
-1.65327705182165
-1.65231941999147
-1.65136151213457
-1.65040332880863
-1.64944486889885
-1.64848613299856
-1.64752711990341
-1.64656783044422
-1.64560826329166
-1.64464841918438
-1.64368829672336
-1.64272789740271
-1.64176721892942
-1.64080626388652
-1.63984502871601
-1.63888351752098
-1.63792172494972
-1.63695965751983
-1.63599730661357
-1.63503468360236
-1.6340717723898
-1.63310859677479
-1.63214511886279
-1.63118141566293
-1.63021738745485
-1.62925310904552
-1.62828850036322
-1.62732364208601
-1.62635851731961
-1.6253930951366
-1.62442736638599
-1.62346142557098
-1.62249516509991
-1.62152869014124
-1.62056185864077
-1.6195947808796
-1.61862743261367
-1.61765975259766
-1.6166918645482
-1.61572365374623
-1.61475522368087
-1.6137864298123
-1.61281748671964
-1.61184817701045
-1.61087862107878
-1.6099087873559
-1.60893870656598
-1.60796828114723
-1.60699764258144
-1.60602664312068
-1.6050555133263
-1.60408402527925
-1.60311226071947
-1.60214028436752
-1.60116795670682
-1.60019544429747
-1.59922260132366
-1.59824957450362
-1.59727620216583
-1.59630255605893
-1.59532868261355
-1.59435450512438
-1.59338017563845
-1.59240544408283
-1.59143049218911
-1.59045531324656
-1.58947986162576
-1.58850414676057
-1.58752817677119
-1.58655193726032
-1.58557544130334
-1.58459870204467
-1.58362171640868
-1.58264445429842
-1.5816669369406
-1.58068918895347
-1.57971118538138
-1.57873293212731
-1.57775442909748
-1.57677568143436
-1.57579668874086
-1.57481745108234
-1.57383797045332
-1.57285824846158
-1.57187828627082
-1.57089808517463
-1.56991764662122
-1.5689369721244
-1.56795606303846
-1.56697492092945
-1.56599354715974
-1.56501194343674
-1.5640301110797
-1.56304805194538
-1.56206576728819
-1.56108325916424
-1.56010052871424
-1.55911757825095
-1.55813440872633
-1.55715102280762
-1.55616742113474
-1.55518360689223
-1.55419958019204
-1.55321534502997
-1.55223090058635
-1.55124625223665
-1.55026139741781
-1.54927634407073
-1.5482910861238
-1.54730563670051
-1.54631998699918
-1.5453341445011
-1.54434811042853
-1.54336188525338
-1.54237547292881
-1.54138887579919
-1.54040209571259
-1.5394151348823
-1.53842799589924
-1.537440681008
-1.53645319256902
-1.53546553294939
-1.53447770462911
-1.53348971004922
-1.5325015516795
-1.53151323207992
-1.53052475373257
-1.52953611932182
-1.52854733131185
-1.52755839254076
-1.52656930543182
-1.52558007301357
-1.52459069762124
-1.52360118253558
-1.52261152992369
-1.52162174343125
-1.52063182489933
-1.51964177856678
-1.51865160561091
-1.51766131138026
-1.51667089557891
-1.51568036597515
-1.51468971861246
-1.51369896745308
-1.51270809814261
-1.51171714328442
-1.51072605427494
-1.50973492970161
-1.50874362988534
-1.50775232756952
-1.50676083556192
-1.50576935408775
-1.50477772640444
-1.50378606846869
-1.50279429111614
-1.50180248014648
-1.50081057064804
-1.49981864173617
-1.49882659030594
-1.49783454853841
-1.49684238474068
-1.49585028515672
-1.49485798863303
-1.49386575204277
-1.49287341147065
-1.49188110047641
-1.49088874938735
-1.48989635844564
-1.48890395511749
-1.48791155479712
-1.4869191057207
-1.48592664539559
-1.48493420019236
-1.48394174719813
-1.48294930510407
-1.48195685885653
-1.48096443781107
-1.479972019872
-1.47897963997677
-1.47798725945513
-1.4769949371164
-1.47600260680972
-1.47501032582076
-1.47401814344459
-1.47302596832465
-1.47203384136541
-1.47104172942162
-1.47004978851465
-1.46905776150179
-1.46806593287201
-1.46707409630817
-1.46608237358192
-1.46509075402815
-1.46409920737205
-1.46310775617708
-1.46211641516693
-1.46112518058786
-1.46013404005211
-1.45914302439471
-1.4581521375596
-1.45716135316502
-1.45617070310785
-1.45518019735195
-1.45418983651063
-1.45319962045806
-1.4522095552311
-1.45121964918671
-1.45022990175571
-1.44924032314634
-1.44825092165109
-1.44726168959541
-1.44627263768235
-1.44528380092934
-1.44429516113048
-1.44330668651815
-1.44231842661274
-1.44133040344308
-1.44034259538539
-1.43935500689604
-1.43836765304375
-1.43738053080021
-1.4363936625101
-1.43540702877439
-1.43442065683542
-1.43343453757664
-1.43244870393183
-1.43146313450999
-1.4304778349117
-1.4294928319824
-1.42850811933768
-1.4275236871701
-1.426539582338
-1.42555578615119
-1.42457230051202
-1.42358914448227
-1.42260635565987
-1.42162385090291
-1.42064170159836
-1.4196598995405
-1.41867842619573
-1.41769740890648
-1.41671671145
-1.41573643311709
-1.41475649702099
-1.41377691901915
-1.41279779326328
-1.41181905281016
-1.41084074121849
-1.40986282287892
-1.40888532241201
-1.40790828228493
-1.4069317087293
-1.40595555234377
-1.40497985179412
-1.40400460699931
-1.40302986709304
-1.40205557854718
-1.40108175082883
-1.40010843962546
-1.39913563158965
-1.39816337965713
-1.39719157295105
-1.39622031862007
-1.39524958249707
-1.39427937539127
-1.39330973345408
-1.39234065117349
-1.391372120935
-1.39040415083409
-1.38943678678281
-1.38846998337974
-1.38750374198875
-1.38653815447931
-1.38557316306311
-1.38460883672813
-1.38364509612259
-1.38268195439289
-1.38171946403754
-1.38075763605945
-1.37979649748305
-1.3788360237778
-1.37787623841522
-1.37691707192463
-1.37595863354029
-1.37500089141236
-1.37404383919725
-1.37308756174114
-1.37213197056359
-1.37117711013278
-1.37022298305704
-1.36926966970302
-1.36831714738773
-1.36736528633122
-1.36641428773813
-1.36546396937317
-1.36451454365656
-1.36356592202128
-1.36261807135643
-1.36167107542701
-1.36072491581575
-1.35977944373717
-1.35883505463694
-1.35789147940392
-1.35694878630626
-1.35600692002419
-1.35506590303786
-1.35412582235086
-1.35318667489312
-1.35224844524626
-1.35131111223028
-1.35037473202768
-1.34943926285092
-1.34850477496414
-1.34757129704999
-1.346638769544
-1.34570717065719
-1.34477661142843
-1.34384707496866
-1.34291853065006
-1.34199096189892
-1.34106449617302
-1.3401390852342
-1.33921464231225
-1.33829128885647
-1.3373690484264
-1.3364479620023
-1.33552788534948
-1.33460886140369
-1.33369095170275
-1.33277424975764
-1.33185869842781
-1.33094425054292
-1.33003092051499
-1.32911876094487
-1.3282078298196
-1.32729803467222
-1.32638948527805
-1.32548211690751
-1.32457605120933
-1.32367112301665
-1.32276747885714
-1.32186506891437
-1.32096384041987
-1.32006402993551
-1.31916536659553
-1.31826810734393
-1.31737209315281
-1.31647738497909
-1.31558399577781
-1.31469197525833
-1.31380129806079
-1.3129120330523
-1.31202406843355
-1.3111374578479
-1.31025230581566
-1.30936854674713
-1.30848619641525
-1.30760521867309
-1.30672567491597
-1.30584759544174
-1.3049710333345
-1.30409593244772
-1.30322231123145
-1.30235011216458
-1.30147957076778
-1.3006103780512
-1.29974285001615
-1.2988767758096
-1.29801223691758
-1.2971493405283
-1.29628796932008
-1.29542817507994
-1.29456986777976
-1.29371337181861
-1.29285847585614
-1.29200515021332
-1.29115347278292
-1.29030336516313
-1.28945510316695
-1.28860839504361
-1.28776338809434
-1.28692010388491
-1.2860784242299
-1.28523873224934
-1.2844005909868
-1.28356427458138
-1.28272955495172
-1.28189678898263
-1.28106581285516
-1.28023674418821
-1.27940931871643
-1.27858371500411
-1.27776001272358
-1.27693806295256
-1.27611803158557
-1.275299884584
-1.27448358667884
-1.2736691707593
-1.27285664404148
-1.27204610805323
-1.27123753894618
-1.27043094250465
-1.26962631462977
-1.26882350945921
-1.26802274451664
-1.26722399335608
-1.2664272480223
-1.26563255357203
-1.2648398885097
-1.26404932028969
-1.26326070568054
-1.26247422549337
-1.26168976322243
-1.26090739798257
-1.26012720660073
-1.25934919418495
-1.25857325155493
-1.25779941482477
-1.25702779456735
-1.25625834927906
-1.25549106260788
-1.25472591910554
-1.25396304679696
-1.25320244443789
-1.25244402842737
-1.25168790952706
-1.2509339588019
-1.25018228476634
-1.24943305159133
-1.24868610007857
-1.24794137808023
-1.24719897863404
-1.24645898804831
-1.24572141174283
-1.24498598064478
-1.24425294310297
-1.24352236316763
-1.24279432354542
-1.24206864765253
-1.24134533659732
-1.24062450938553
-1.23990614234703
-1.23919024354881
-1.23847690274461
-1.23776594631801
-1.2370574994276
-1.23635157582449
-1.23564828314817
-1.23494740871921
-1.23424918401954
-1.23355359520883
-1.23286051194415
-1.2321699746757
-1.23148207787153
-1.23079698060588
-1.23011426161205
-1.22943427174254
-1.22875704447894
-1.22808262951583
-1.22741061445654
-1.22674147560327
-1.22607489516925
-1.22541113382442
-1.2247502442663
-1.22409217483872
-1.22343666602604
-1.2227838463459
-1.22213408716274
-1.22148704426238
-1.22084282657927
-1.22020138274278
-1.2195627226996
-1.21892706523232
-1.21829417996968
-1.21766447033219
-1.21703737742577
-1.21641334828093
-1.2157922127873
-1.21517402260494
-1.21455867200731
-1.21394633060797
-1.21333699796149
-1.21273064691349
-1.21212728541225
-1.21152701085259
-1.21092984429066
-1.21033555496878
-1.20974444168081
-1.20915626867344
-1.20857129091367
-1.20798936376974
-1.20741068683143
-1.20683500994687
-1.2062624421376
-1.20569300458668
-1.20512688172901
-1.20456381789188
-1.204003971268
-1.20344720332341
-1.20289377809743
-1.20234350497483
-1.20179655231169
-1.20125277334511
-1.2007123112717
-1.20017515712047
-1.19964128094484
-1.19911079115477
-1.19858350739995
-1.19805949951744
-1.19753889278179
-1.1970216199719
-1.19650778421994
-1.19599726420171
-1.19549016132115
-1.19498644643585
-1.19448618873035
-1.19398922456519
-1.19349566301733
-1.19300579545089
-1.19251932889747
-1.19203622105599
-1.19155664258427
-1.19108051616931
-1.19060787730799
-1.1901388393032
-1.18967349425213
-1.18921148218417
-1.18875310672911
-1.18829829230166
-1.18784712641341
-1.18739942261481
-1.18695521194601
-1.18651480673907
-1.18607832445979
-1.18564509323748
-1.18521571711768
-1.18478965112731
-1.18436775612407
-1.18394925200686
-1.18353460941084
-1.1831234335513
-1.1827160855918
-1.18231243851748
-1.18191264285005
-1.18151654888591
-1.18112424752826
-1.18073576362505
-1.18035105442497
-1.17997022001857
-1.17959303706225
-1.17921978500667
-1.17885034427223
-1.17848474926658
-1.17812307685896
-1.17776512943373
-1.17741128309806
-1.17706127119245
-1.17671507965881
-1.17637268043418
-1.17603422094
-1.17569985616902
-1.17536934535573
-1.17504279409484
-1.17472020014877
-1.17440175770256
-1.17408724912741
-1.1737767108494
-1.173470008385
-1.17316740885252
-1.17286891497728
-1.1725743538485
-1.17228385333792
-1.17199753190916
-1.17171516983343
-1.17143695885888
-1.17116287545588
-1.17089258469458
-1.1706266768844
-1.17036464534016
-1.17010712090127
-1.16985333333654
-1.16960394478914
-1.16935864579969
-1.16911748753041
-1.16888025488368
-1.16864759841728
-1.16841885298908
-1.16819455433755
-1.16797416796366
-1.16775816696064
-1.16754625288837
-1.16733861999633
-1.16713548776147
-1.16693652597874
-1.16674171517892
-1.16655089796001
-1.16636456020152
-1.1661828618381
-1.16600513020977
-1.16583160884628
-1.16566259276318
-1.16549776373869
-1.16533733400573
-1.16518116769942
-1.16502931256771
-1.16488172360395
-1.16473870956365
-1.16459988715531
-1.1644654698823
-1.16433557055023
-1.16420992725782
-1.16408867372076
-1.16397189294474
-1.16385935751606
-1.16375148993405
-1.16364762896312
-1.16354841989993
-1.16345384246062
-1.16336347393475
-1.16327749591686
-1.16319602126351
-1.16311923251632
-1.16304665499973
-1.16297867880335
-1.16291486380651
-1.16285569985412
-1.1628010529889
-1.16275128568794
-1.16270551487769
-1.16266434608505
-1.16262781273852
-1.16259563291441
-1.16256791306248
-1.16254512282743
-1.16252658743923
-1.16251245193167
-1.16250294468617
-1.16249811545466
-1.16249797478592
-1.16250195910315
-1.16251086317022
-1.16252424924497
-1.1625423029914
-1.16256446483579
-1.16259153877076
-1.16262322380088
-1.16265966638149
-1.16270020148947
-1.16274576191697
-1.1627957951294
-1.1628503361939
-1.16290930915325
-1.16297316604086
-1.16304169192121
-1.16311472494718
-1.16319223627442
-1.16327476463962
-1.16336165561772
-1.16345343745288
-1.16354951787993
-1.16365033342874
-1.16375567304474
-1.16386555310948
-1.16398034268077
-1.164099964734
-1.16422408439328
-1.16435246910412
-1.16448572954325
-1.16462379736298
-1.16476650692856
-1.16491363557155
-1.16506586322605
-1.1652223492565
-1.16538387368028
-1.16554957187455
-1.16572008402847
-1.1658953161463
-1.16607559937779
-1.16626024599098
-1.1664493084697
-1.16664320579971
-1.16684207489205
-1.16704566217854
-1.16725337317553
-1.16746584401791
-1.16768321196128
-1.1679054654006
-1.16813201771615
-1.16836346840738
-1.1685995790103
-1.16884038237485
-1.1690856187728
-1.16933581064541
-1.16959064916673
-1.16985002325862
-1.17011425379458
-1.17038290957484
-1.17065625055216
-1.17093457050399
-1.17121740649659
-1.17150497169823
-1.1717970684368
-1.17209383316829
-1.17239529400036
-1.17270153687561
-1.17301229592607
-1.17332804536652
-1.17364797936442
-1.17397299733804
-1.17430221051099
-1.17463643268974
-1.17497521601109
-1.17531876420573
-1.17566699762624
-1.17601962555542
-1.17637684457321
-1.17673881136608
-1.17710583195153
-1.17747706993329
-1.1778530566365
-1.17823353223539
-1.17861901106512
-1.17900873788785
-1.17940326064557
-1.17980224639235
-1.180206034264
-1.18061446047579
-1.18102769019571
-1.18144512354353
-1.1818674258644
-1.18229400035918
-1.18272539147401
-1.18316134757855
-1.18360192224499
-1.1840472606587
-1.18449687446064
-1.18495100334865
-1.18540986634118
-1.18587343594935
-1.18634159175596
-1.18681410011474
-1.18729139842379
-1.18777293731016
-1.18825914710723
-1.1887497576449
-1.18924513750899
-1.18974519678112
-1.19024955023962
-1.19075835443889
-1.19127156947671
-1.19178950995227
-1.19231204589001
-1.19283893654718
-1.19337054591601
-1.19390638411428
-1.1944466752322
-1.19499129698448
-1.19554058379951
-1.19609469315684
-1.19665295216425
-1.19721565600223
-1.19778261681358
-1.19835413350688
-1.19893006518122
-1.19951048232599
-1.20009544952301
-1.20068464232365
-1.20127822564034
-1.20187634238219
-1.20247905036377
-1.20308583728872
-1.20369710662175
-1.20431258026241
-1.20493264562027
-1.20555685731705
-1.20618555399202
-1.20681847432354
-1.20745586108905
-1.20809745058394
-1.20874348768656
-1.20939362196357
-1.21004843362903
-1.21070714035166
-1.21137040310616
-1.2120378486813
-1.21270956675718
-1.21338530857
-1.21406569282416
-1.214750088614
-1.21543862904345
-1.21613171006719
-1.21682881817057
-1.21753031059454
-1.21823582996916
-1.2189455175695
-1.21965956047325
-1.2203775390411
-1.2210999656929
-1.2218263331723
-1.22255685379096
-1.22329148996742
-1.22403045580608
-1.22477350101905
-1.22552048426095
-1.22627171846848
-1.22702691128237
-1.22778637229928
-1.22854968883521
-1.22931729962758
-1.2300888362592
-1.23086439181579
-1.23164393706644
-1.23242750798437
-1.23321521782924
-1.23400694571528
-1.2348026958813
-1.23560232996878
-1.23640605618649
-1.23721363898678
-1.23802525666895
-1.23884072947532
-1.23966026953714
-1.24048355336625
-1.24131093272882
-1.24214195295958
-1.24297717558696
-1.24381606431909
-1.24465872335747
-1.24550552372012
-1.24635607315827
-1.24721044935183
-1.24806863910313
-1.24893060690984
-1.24979638621246
-1.25066590810072
-1.25153935402797
-1.25241655840624
-1.25329745880592
-1.25418234697327
-1.25507070952826
-1.25596298643854
-1.25685873919414
-1.25775822005459
-1.25866167083564
-1.2595686041421
-1.26047909857657
-1.26139337520811
-1.26231138167542
-1.26323313145936
-1.26415822919644
-1.26508714701113
-1.26601944263636
-1.26695555402546
-1.2678949382107
-1.268838229607
-1.26978485551519
-1.2707352341278
-1.27168884301654
-1.2726462769478
-1.27360699143647
-1.27457143099146
-1.27553910862977
-1.27651024934948
-1.27748506796783
-1.27846320114543
-1.27944484737554
-1.28042981760657
-1.28141816334399
-1.28240998456784
-1.28340509530226
-1.28440368592654
-1.28540580816111
-1.28641096732478
-1.28741956149969
-1.28843156189777
-1.28944689572092
-1.29046535154442
-1.29148721174658
-1.29251238286193
-1.29354072874356
-1.29457223523931
-1.29560700136392
-1.29664504774783
-1.29768632934162
-1.29873078968218
-1.29977854981554
-1.30082953733063
-1.30188343372067
-1.30294065904398
-1.30400079781037
-1.3050642595501
-1.30613072626219
-1.30720047852529
-1.30827304998222
-1.30934864923112
-1.31042742445863
-1.31150928336309
-1.31259420887527
-1.31368208644502
-1.31477305104007
-1.31586688980204
-1.31696362488856
-1.31806352324716
-1.31916638469832
-1.3202719972559
-1.32138058765059
-1.32249204288603
-1.32360660652565
-1.32472386621212
-1.32584404208683
-1.32696702892171
-1.32809298583967
-1.32922168521986
-1.33035337494292
-1.33148778564857
-1.33262495976816
-1.33376476865682
-1.33490749242032
-1.33605294505997
-1.3372011462011
-1.33835209586839
-1.33950573141404
-1.34066205099758
-1.34182097470296
-1.34298258101783
-1.34414698841676
-1.34531402868368
-1.34648368429454
-1.34765589546343
-1.34883077080905
-1.35000823522853
-1.35118820079948
-1.35237079208272
-1.35355595928593
-1.35474360188043
-1.35593381622715
-1.35712647966544
-1.35832162618837
-1.35951945856074
-1.36071951827932
-1.36192209540766
-1.36312725341182
-1.36433468521524
-1.36554468387401
-1.36675684535824
-1.36797160001197
-1.36918859390915
-1.37040803599772
-1.37163002138683
-1.37285414651321
-1.37408053736351
-1.37530924886106
-1.37654030857268
-1.37777367192358
-1.3790092824411
-1.38024715404227
-1.38148725512445
-1.38272961438676
-1.38397419234873
-1.3852209011491
-1.38646973417701
-1.38772081328686
-1.38897409921745
-1.3902295492107
-1.39148712588054
-1.39274677076825
-1.39400852648627
-1.39527241829665
-1.39653845617527
-1.39780655589624
-1.39907657526137
-1.40034872670307
-1.40162287553675
-1.40289907447084
-1.40417714533152
-1.4054572516719
-1.40673938473688
-1.4080234802574
-1.4093095399437
-1.41059745265346
-1.4118872592399
-1.41317902981532
-1.41447271268368
-1.41576826819143
-1.41706568420171
-1.41836493194701
-1.41966608333547
-1.42096902002038
-1.42227376289313
-1.42358030819756
-1.42488856663126
-1.42619864516468
-1.4275105311638
-1.4288241260122
-1.43013942362314
-1.43145647268256
-1.43277524379981
-1.43409569204625
-1.43541786020213
-1.436741673847
-1.43806710722036
-1.43939418618534
-1.44072295725602
-1.44205327933844
-1.44338525183619
-1.44471868730882
-1.44605379848328
-1.44739048189025
-1.44872860554182
-1.4500683243286
-1.45140959459992
-1.45275231988001
-1.4540965208554
-1.45544224655293
-1.45678945582048
-1.45813808712678
-1.45948818531574
-1.46083980187676
-1.46219273779683
-1.46354708335927
-1.46490286290001
-1.46625989556123
-1.46761837805334
-1.46897828726668
-1.4703394258024
-1.47170188256717
-1.47306563919563
-1.47443068414969
-1.47579716483218
-1.47716485003064
-1.47853375505849
-1.47990391440735
-1.48127530793915
-1.48264792993201
-1.48402176319223
-1.48539679958641
-1.48677302012495
-1.48815041656864
-1.48952897051999
-1.49090863874858
-1.49228938892245
-1.49367131299427
-1.49505442887356
-1.4964385983876
-1.49782384964777
-1.49921013563745
-1.50059748703974
-1.50198590326387
-1.50337525612611
-1.5047657453009
-1.50615723587914
-1.50754960894319
-1.50894305498588
-1.51033749774471
-1.51173289764888
-1.51312918449728
-1.51452643032377
-1.51592456522286
-1.51732365445172
-1.51872355474782
-1.52012438651308
-1.52152608599001
-1.52292868341559
-1.52433207398801
-1.5257362650977
-1.52714136800581
-1.52854730114557
-1.52995394928667
-1.53136134778844
-1.5327695283894
-1.53417860923008
-1.53558834979297
-1.53699874772383
-1.53840991791802
-1.53982184499898
-1.54123445324608
-1.54264771671494
-1.54406165670281
-1.54547628209561
-1.54689155866556
-1.54830746113695
-1.54972397156919
-1.55114112489609
-1.55255886856714
-1.55397720898692
-1.55539615269051
-1.55681565120549
-1.55823568643835
-1.55965626306514
-1.56107736289083
-1.56249895696838
-1.56392110301518
-1.56534379000726
-1.56676693253952
-1.56819047318979
-1.56961454096281
-1.57103907273451
-1.57246402799005
-1.57388932605146
-1.57531511751221
-1.57674126307063
-1.57816784813652
-1.57959481921523
-1.58102212115786
-1.58244978012277
-1.58387781849157
-1.58530618156205
-1.58673486907339
-1.5881638575951
-1.58959312850533
-1.5910227215327
-1.59245256509543
-1.59388272111282
-1.59531304441969
-1.59674364855231
-1.59817448324835
-1.59960557103727
-1.60103687649635
-1.60246831233939
-1.60389996329265
-1.60533181563264
-1.60676376912984
-1.60819592192813
-1.60962819041312
-1.61106058798868
-1.61249315324603
-1.61392578906946
-1.61535852701118
-1.61679133894702
-1.61822425547691
-1.61965721571669
-1.62109025123494
-1.62252330707067
-1.62395638789598
-1.62538950179243
-1.62682262787098
-1.62825572222401
-1.62968882844314
-1.63112196530094
-1.63255500841714
-1.63398801605194
-1.63542098336623
-1.63685385679884
-1.63828668904646
-1.63971936517999
-1.64115203451757
-1.64258456094171
-1.64401699750481
-1.64544933036175
-1.64688138467646
-1.64831337205332
-1.64974521983987
-1.65117681474746
-1.65260835351156
-1.65403957861828
-1.65547069172368
-1.65690155618168
-1.65833220093713
-1.6597626371409
-1.66119279021261
-1.66262271637395
-1.66405237242947
-1.66548176199896
-1.66691086215518
-1.66833966008551
-1.66976818615221
-1.67119634288993
-1.67262423398712
-1.67405173053249
-1.67547894939386
-1.67690575613675
-1.67833219892
-1.67975831548552
-1.68118397631213
-1.68260937697427
-1.68403417557387
-1.6854587735119
-1.68688274308959
-1.68830646615438
-1.68972958548062
-1.69115238256197
-1.69257460602805
-1.69399645684458
-1.69541775167442
-1.69683857999656
-1.69825892738298
-1.69967869380127
-1.70109805940995
-1.70251675467553
-1.70393506957897
-1.70535265372705
-1.70676986142739
-1.70818633008235
-1.70960239490683
-1.71101767706661
-1.71243257662123
-1.71384667700216
-1.71526034671402
-1.71667321633382
-1.71808557207458
-1.71949722226817
-1.72090823350836
-1.72231852185298
-1.72372832049276
-1.72513721975286
-1.7265457778598
-1.72795321143842
-1.72936020239841
-1.73076630799009
-1.73217180820285
-1.73357646696964
-1.73498051179059
-1.73638381306099
-1.73778622896343
-1.73918807813461
-1.74058891511677
-1.74198908155802
-1.74338840209391
-1.74478701811622
-1.74618475398965
-1.7475816743933
-1.74897774288327
-1.75037295689672
-1.75176738546735
-1.75316087486774
-1.75455364691838
-1.75594536139574
-1.75733628810738
-1.758726347654
-1.76011550306669
-1.76150370924248
-1.76289108125991
-1.76427743592013
-1.76566285074567
-1.76704744315158
-1.76843093145932
-1.76981357390684
-1.77119520348672
-1.77257587407267
-1.77395552380689
-1.77533423936061
-1.77671191544177
-1.77808864614809
-1.77946431368808
-1.78083896632987
-1.78221261218327
-1.78358519677792
-1.78495670342578
-1.78632723464931
-1.78769660127451
-1.78906495004754
-1.79043228313175
-1.79179842710592
-1.79316349049226
-1.79452756313005
-1.7958903649535
-1.7972521947489
-1.79861280199314
-1.79997236379235
-1.80133067587948
-1.8026879487222
-1.80404401397161
-1.8053989500337
-1.80675269933489
-1.80810524061945
-1.80945666621156
-1.81080676541014
-1.81215574644063
-1.81350353262777
-1.81485007627901
-1.8161955031139
-1.81753956239777
-1.81888250865297
-1.82022410967423
-1.82156452038636
-1.82290368563033
-1.82424151723636
-1.82557813327031
-1.82691344396288
-1.82824742095641
-1.82958019994862
-1.83091164870263
-1.83224175402125
-1.83357061341923
-1.83489814889897
-1.83622428094167
-1.83754918481197
-1.83887265970695
-1.84019482668929
-1.8415156628422
-1.84283499593753
-1.84415321523089
-1.84546981605847
-1.84678523733962
-1.84809910449525
-1.84941168998934
-1.85072284288223
-1.85203259178766
-1.8533409755007
-1.85464779312735
-1.85595332254432
-1.85725729682285
-1.85856000031484
-1.85986115882846
-1.86116093306953
-1.86245913013939
-1.86375598805113
-1.86505126643348
-1.86634521957523
-1.86763746552325
-1.86892838445578
-1.87021776240893
-1.8715056400219
-1.87279205853036
-1.8740768619658
-1.87536026215728
-1.87664217927699
-1.87792248348744
-1.87920124753496
-1.88047847164815
-1.88175414937861
-1.88302840058186
-1.88430086537026
-1.88557204427625
-1.8868414013828
-1.88810933860382
-1.88937563176494
-1.8906404026827
-1.89190351663414
-1.89316504591503
-1.89442497534386
-1.89568329610962
-1.89694004021295
-1.89819510104557
-1.89944866669232
-1.90070041763228
-1.9019507228915
-1.90319922941539
-1.90444626247753
-1.9056914751591
-1.90693520833731
-1.90817710846049
-1.90941752156385
-1.91065607323854
-1.91189315957713
-1.9131283776291
-1.91436209636928
-1.91559392908455
-1.91682428743784
-1.9180527388974
-1.91927968920706
-1.92050469974694
-1.92172826670836
-1.92295003334214
-1.92417010156842
-1.9253883032286
-1.92660496345493
-1.92781956019833
-1.92903276443136
-1.93024401256109
-1.93145360958514
-1.93266146902262
-1.93386750003141
-1.93507182993688
-1.9362744294819
-1.93747521960432
-1.93867423345871
-1.93987138454723
-1.9410668579662
-1.94226063295798
-1.94345250915262
-1.9446426543503
-1.94583092439715
-1.94701747239471
-1.94820216624515
-1.94938506288296
-1.95056615928651
-1.95174534716271
-1.95292278037923
-1.95409840564385
-1.95527222465066
-1.95644417105646
-1.95761420630526
-1.95878264395569
-1.95994905969658
-1.9611137515649
-1.96227634393711
-1.96343735643651
-1.96459634769721
-1.96575362103815
-1.96690888070241
-1.96806240883446
-1.96921398013044
-1.97036379308968
-1.97151161265538
-1.972657605428
-1.97380164451949
-1.9749438479408
-1.97608412632736
-1.9772226210522
-1.97835912364904
-1.97949379935564
-1.9806265683623
-1.98175740617785
-1.98288638376043
-1.9840133630223
-1.98513848616181
-1.98626176250685
-1.98738309631799
-1.98850243093769
-1.98961985998266
-1.99073542487509
-1.99184900180352
-1.99296068254026
-1.99407047859866
-1.99517831269408
-1.99628420387703
-1.99738816659596
-1.99849014899281
-1.99959025694087
-2.00068835768196
-2.00178451838379
-2.00287872321172
-2.0039709902541
-2.00506132722295
-2.00614953581688
-2.00723593989549
-2.00832048791842
-2.00940297212119
-2.01048347239369
-2.01156199851347
-2.0126386221453
-2.0137132308024
-2.01478583505611
-2.01585646795282
-2.01692507754851
-2.01799176599828
-2.01905664390466
-2.02011940369654
-2.02118018387871
-2.02223896587915
-2.02329576678989
-2.02435057355826
-2.02540341697764
-2.02645422649762
-2.02750310612124
-2.02854985989409
-2.02959470439931
-2.03063761020315
-2.03167851591174
-2.03271740096556
-2.03375412483999
-2.03478901412368
-2.03582193036151
-2.03685284941262
-2.03788170709231
-2.03890859079749
-2.03993338645601
-2.0409561954696
-2.04197700343982
-2.0429958316844
-2.04401264281221
-2.04502745371413
-2.0460402450197
-2.04705103334579
-2.04805980324415
-2.04906656894182
-2.05007131210011
-2.05107404926724
-2.05207476315142
-2.05307347007404
-2.05407015190114
-2.05506482559422
-2.05605747307581
-2.05704811171082
-2.0580367229652
-2.05902332467722
-2.06000789807388
-2.06099046144607
-2.06197099566379
-2.062949519484
-2.0639260134261
-2.06490049678702
-2.06587295020924
-2.06684339064306
-2.06781180357011
-2.06877820144152
-2.0697425703708
-2.07070492644505
-2.0716652531075
-2.07262356807767
-2.0735798516951
-2.07453412715915
-2.0754863652219
-2.07643660874423
-2.07738478491989
-2.07833101037605
-2.07927520423068
-2.08021729036218
-2.08115751908656
-2.08209560559604
-2.0830316401063
-2.08396578067206
-2.08489784458005
-2.08582793494449
-2.08675597733582
-2.08768198201036
-2.08860588885678
-2.08952789602445
-2.09044783740978
-2.09136570192717
-2.09228165624391
-2.0931955415915
-2.0941075201589
-2.0950174463713
-2.09592533623346
-2.09683122973702
-2.09773508071009
-2.09863697225209
-2.09953669284572
-2.10043453953381
-2.10133040488299
-2.10222415809814
-2.10311599257431
-2.10400594124227
-2.10489384149834
-2.10577970262865
-2.10666352169464
-2.10754535776908
-2.10842520325567
-2.10930299899639
-2.11017877584199
-2.11105260083476
-2.11192445674877
-2.11279433217168
-2.11366221173985
-2.11452810278881
-2.11539201079691
-2.11625393481845
-2.11711387511223
-2.11797183251264
-2.11882780951834
-2.11968180713432
-2.12053382720297
-2.12138387066845
-2.12223193951076
-2.12307803490788
-2.12392215879595
-2.12476431248441
-2.12560449782942
-2.12644271635218
-2.12727896977666
-2.12811325989954
-2.12894558820191
-2.12977595688499
-2.13060436700848
-2.13143082142327
-2.13225532042658
-2.13307796613455
-2.13389855577953
-2.13471722371115
-2.135533934932
-2.13634857850382
-2.13716141387267
-2.13797234306546
-2.13878130648495
-2.13958831764185
-2.1403932655626
-2.14119638211726
-2.14199754727657
-2.14279692535962
-2.14359421958427
-2.14438967405043
-2.1451831535184
-2.14597472247049
-2.14676429404094
-2.14755203055953
-2.14833781175424
-2.14912181275269
-2.14990376378312
-2.15068384122926
-2.15146205161222
-2.15223832189436
-2.15301275246884
-2.153785224014
-2.15455585427579
-2.15532455884595
-2.15609128246568
-2.15685623841694
-2.15761930385747
-2.15838049771107
-2.15913976093422
-2.15989718662029
-2.1606525738609
-2.16140627358229
-2.16215808730058
-2.16290801902413
-2.16365603521205
-2.16440213198757
-2.16514638643236
-2.16588884439335
-2.16662940005528
-2.16736819429649
-2.16810508491117
-2.16884006823376
-2.1695732541256
-2.17030459660048
-2.17103414077587
-2.17176184479107
-2.1724876784541
-2.17321170720984
-2.17393389714177
-2.17465425646234
-2.17537279944374
-2.17608950556449
-2.17680439159539
-2.17751744956361
-2.17822863225791
-2.17893805473725
-2.17964563883015
-2.18035144613719
-2.18105546132513
-2.18175768726378
-2.18245811627049
-2.18315674997289
-2.18385359357717
-2.18454864781418
-2.18524191851806
-2.1859334038041
-2.18662311368606
-2.18731104415139
-2.18799719903023
-2.18868158364528
-2.18936419773585
-2.19004504802728
-2.19072413389669
-2.19140146163464
-2.1920770305391
-2.1927508473084
-2.19342291092843
-2.19409322835709
-2.1947617982596
-2.19542862797034
-2.19609371579555
-2.19675706945094
-2.19741868682372
-2.1980785760803
-2.1987367346232
-2.19939317115207
-2.20004788247668
-2.2007008779652
-2.20135215366504
-2.2020017198327
-2.2026495714641
-2.20329572008521
-2.20394015912524
-2.20458290208436
-2.20522393983964
-2.20586327667879
-2.20650099254106
-2.20713702187883
-2.20777133626806
-2.20840389782692
-2.2090347683066
-2.20966400060793
-2.21029155659213
-2.21091744235636
-2.21154156837797
-2.21216400936718
-2.21278497993513
-2.21340417625999
-2.21402170913186
-2.21463761021215
-2.21525192335752
-2.21586452848183
-2.21647551739407
-2.21708489763325
-2.21769259849211
-2.21829862001349
-2.21890294989516
-2.21950568731961
-2.22010681780028
-2.22070635035606
-2.22130426789328
-2.22190054763028
-2.22249505810746
-2.22308804106224
-2.22367948360396
-2.22426930494993
-2.22485753629241
-2.2254441781417
-2.22602920257984
-2.22661251268384
-2.2271942573823
-2.22777447475045
-2.2283530751789
-2.22893008253744
-2.22950550778701
-2.23007937640571
-2.23065161702555
-2.23122231468107
-2.23179149452804
-2.23235904439533
-2.23292500184354
-2.23348935640523
-2.23405210241347
-2.23461332178112
-2.23517308535556
-2.23573129570642
-2.23628789717406
-2.23684290270672
-2.23739638400575
-2.23794831118601
-2.23849870423595
-2.23904752043259
-2.2395948178337
-2.24014049046947
-2.24068471940125
-2.24122741806897
-2.2417685915803
-2.2423081682709
-2.24284629102803
-2.24338285361596
-2.24391788303531
-2.24445144300983
-2.24498342372658
-2.24551387452258
-2.24604291367315
-2.24657038092226
-2.24709622551491
-2.2476206130599
-2.24814358221272
-2.24866500429397
-2.24918489073736
-2.24970327569541
-2.25022021307541
-2.25073560918793
-2.25124951917053
-2.25176191942423
-2.25227285504339
-2.25278235777008
-2.25329030981719
-2.25379674343527
-2.25430168227059
-2.254805130647
-2.25530711091215
-2.25580762096156
-2.25630664784591
-2.25680414109669
-2.25730016062645
-2.25779475983514
-2.25828786559474
-2.25877952426036
-2.25926976230196
-2.25975838416488
-2.26024552757745
-2.26073129835481
-2.26121559086112
-2.26169841305197
-2.26217976669098
-2.26265972201009
-2.2631381310269
-2.2636150596792
-2.26409056502538
-2.26456459319567
-2.26503713254224
-2.26550823720424
-2.26597788343306
-2.26644598385814
-2.26691263804421
-2.26737800317696
-2.26784186849127
-2.26830418144836
-2.26876503535892
-2.26922448230783
-2.26968254181745
-2.27013907855421
-2.27059407719784
-2.2710476501625
-2.27149984748858
-2.27195066339488
-2.27239995329669
-2.27284762072057
-2.27329393983712
-2.27373894024691
-2.27418234581251
-2.27462419839859
-2.27506476638022
-2.27550394487739
-2.27594151701051
-2.27637770297758
-2.27681248704721
-2.27724574528343
-2.27767752421643
-2.27810788330011
-2.27853680086674
-2.27896414181623
-2.2793900852982
-2.27981459490279
-2.28023765618338
-2.28065932264789
-2.28107944833052
-2.28149810672211
-2.28191531881905
-2.28233105645493
-2.28274527786913
-2.28315808448049
-2.28356950438322
-2.28397930838004
-2.28438764268919
-2.2847946628717
-2.28520018219275
-2.28560408961822
-2.28600657165934
-2.28640769655831
-2.28680722369055
-2.28720526395219
-2.2876019127031
-2.28799702961297
-2.28839064058174
-2.28878279853789
-2.28917352243562
-2.28956272259201
-2.28995030860898
-2.29033645684492
-2.2907212175892
-2.29110439497547
-2.29148607733401
-2.29186626879311
-2.29224496190474
-2.29262217155685
-2.29299784785057
-2.29337204318186
-2.29374469728416
-2.29411581588818
-2.2944854295582
-2.29485356900509
-2.29522017869998
-2.29558515302791
-2.29594864266333
-2.29631069764725
-2.29667115952769
-2.29703001446553
-2.29738737946038
-2.29774330650493
-2.2980975606345
-2.29845027381477
-2.29880154337069
-2.2991511906472
-2.29949918556203
-2.29984570986447
-2.30019071739233
-2.30053412307883
-2.30087591502232
-2.3012161585353
-2.30155486212999
-2.30189194756791
-2.30222746557628
-2.30256132080051
-2.30289363996085
-2.30322435035278
-2.30355349199862
-2.30388109211466
-2.30420696324355
-2.30453125441122
-2.30485401529302
-2.30517513855007
-2.30549462607093
-2.30581235799123
-2.30612849942111
-2.30644308300541
-2.30675601155233
-2.30706732103989
-2.30737698817117
-2.3076849865213
-2.30799132663131
-2.30829596890704
-2.30859889577887
-2.30890019044138
-2.30919989324382
-2.30949788472076
-2.30979413776617
-2.31008874998168
-2.31038172398536
-2.31067297724018
-2.31096247759058
-2.31125025995319
-2.31153637953418
-2.31182081214165
-2.31210350368777
-2.31238443136185
-2.31266360585881
-2.31294106753455
-2.31321685329088
-2.31349087405997
-2.313763064646
-2.31403349718173
-2.31430225689249
-2.31456926929563
-2.31483445577183
-2.31509783826243
-2.31535947254934
-2.31561936935314
-2.31587747756347
-2.31613372906995
-2.3163881251659
-2.31664079330806
-2.31689174609957
-2.31714079823349
-2.31738784026002
-2.31763316592251
-2.31787674614089
-2.31811848832085
-2.31835839915336
-2.31859645449951
-2.31883258188242
-2.31906679121838
-2.31929915300086
-2.3195297142138
-2.31975839997115
-2.31998515291055
-2.32020993558889
-2.32043285174497
-2.32065394318818
-2.32087304165628
-2.32109023790878
-2.32130558713524
-2.32151896930086
-2.32173042308821
-2.32193998940748
-2.32214760992546
-2.32235320842702
-2.32255686160415
-2.32275853228728
-2.32295819126358
-2.32315582390271
-2.32335162905659
-2.32354536064758
-2.32373709105472
-2.32392683799034
-2.32411462729508
-2.32430045463439
-2.32448426067019
-2.32466588728869
-2.32484540341086
-2.3250230524168
-2.32519866091557
-2.32537224660319
-2.32554367826399
-2.32571307646968
-2.32588037840522
-2.32604564506887
-2.32620883959176
-2.32636993889497
-2.32652891726899
-2.32668577495772
-2.3268405254451
-2.32699316042897
-2.32714367419114
-2.327292077413
-2.32743817645811
-2.32758226697678
-2.32772425502127
-2.32786400875198
-2.32800165799927
-2.3281371574219
-2.32827049126803
-2.32840161993131
-2.32853047995113
-2.32865717917399
-2.32878174675966
-2.32890407847433
-2.32902416621436
-2.32914206711267
-2.3292577395705
-2.32937114029502
-2.32948227949457
-2.32959117767451
-2.32969785852572
-2.32980224928161
-2.32990429174109
-2.33000402245728
-2.33010159624151
-2.33019685340037
-2.33028981998788
-2.33038047008522
-2.33046885972685
-2.33055491072008
-2.33063856638185
-2.33071993914362
-2.33079896667417
-2.3308756973449
-2.3309500308583
-2.33102207292451
-2.331091791724
-2.33115909022867
-2.33122392883083
-2.33128642787877
-2.33134656689304
-2.33140429018568
-2.33145956646956
-2.33151235950535
-2.33156279633083
-2.33161081915792
-2.33165646918569
-2.3316996409825
-2.33174041863628
-2.33177867805869
-2.33181458234414
-2.33184799695387
-2.33187896241961
-2.33190736501849
-2.33193327505218
-2.33195672990162
-2.33197762163806
-2.3319960556215
-2.33201200641096
-2.33202543387375
-2.33203627763863
-2.3320446900812
-2.33205062133397
-2.33205393594345
-2.33205458652918
-2.33205271787437
-2.33204831511383
-2.3320414137664
-2.3320318787929
-2.33201979766119
-2.33200503472383
-2.33198787427629
-2.33196795778681
-2.33194553209561
-2.33192039406335
-2.33189264974648
-2.33186233883133
-2.33182934825003
-2.33179378635748
-2.33175549351129
-2.33171461960628
-2.33167103003474
-2.33162488856894
-2.33157608414983
-2.33152447433134
-2.33147013502167
-2.33141322358003
-2.33135363456367
-2.33129132551546
-2.33122629758062
-2.33115850830314
-2.33108812187388
-2.33101503849482
-2.33093918565895
-2.33086054045041
-2.33077901154558
-2.33069488676713
-2.3306080452515
-2.33051845543339
-2.33042608630251
-2.3303309781791
-2.33023304833028
-2.33013230954049
-2.3300287880198
-2.32992245366016
-2.32981332583766
-2.329701418182
-2.32958671080366
-2.32946929979304
-2.32934906566566
-2.32922594686694
-2.3290998152815
-2.32897084616182
-2.32883917809474
-2.3287049061599
-2.32856751750131
-2.328427330998
-2.32828422030174
-2.32813831609714
-2.32798961223297
-2.32783789971819
-2.32768340387985
-2.32752591429046
-2.32736558581892
-2.32720235911396
-2.32703625014248
-2.32686738066365
-2.32669545251045
-2.32652063747379
-2.32634292030289
-2.32616213847806
-2.3259786007839
-2.32579193000046
-2.3256025429202
-2.3254101283652
-2.32521488282684
-2.32501652998676
-2.32481520267594
-2.3246110476149
-2.3244039038166
-2.32419355087727
-2.32398051416925
-2.32376430102778
-2.32354537110088
-2.32332330159871
-2.32309830240254
-2.32287012314634
-2.32263915514485
-2.32240528259501
-2.3221683343297
-2.32192831007901
-2.32168518348421
-2.32143903198185
-2.32118995894324
-2.32093794949885
-2.32068291707708
-2.32042478562868
-2.32016356087407
-2.31989934122657
-2.31963216810027
-2.31936194309525
-2.31908863685392
-2.31881222816166
-2.31853281142081
-2.31825042061398
-2.31796490163707
-2.31767625582756
-2.31738460622577
-2.31709001216891
-2.31679232692582
-2.31649130521361
-2.31618747870557
-2.31588060226435
-2.31557054709422
-2.31525746693478
-2.31494119376618
-2.31462186333424
-2.31429961022929
-2.31397401403999
-2.3136454502276
-2.31331364796865
-2.31297905625229
-2.31264116305421
-2.31230024717268
-2.31195623814194
-2.3116091634935
-2.31125904587092
-2.31090570446059
-2.31054910770862
-2.31018952875683
-2.30982673869547
-2.30946105289493
-2.30909225206891
-2.30872028562723
-2.30834508243934
-2.30796680317399
-2.3075854913917
-2.3072010649457
-2.30681346031989
-2.3064225484688
-2.30602879642237
-2.30563161346806
-2.3052316715876
-2.30482824385405
-2.30442222035632
-2.3040126615968
-2.30359995896363
-2.30318436508527
-2.30276550898084
-2.30234355404878
-2.3019183646618
-2.30149004672632
-2.30105878811544
-2.30062427780788
-2.30018668387715
-2.29974586791235
-2.29930191490011
-2.29885491833591
-2.29840464361999
-2.29795157486702
-2.29749517170909
-2.29703564280042
-2.29657288320835
-2.29610706981325
-2.29563820745916
-2.29516613551176
-2.29469087519256
-2.29421265868629
-2.29373117036664
-2.29324667785324
-2.29275908488605
-2.29226834626732
-2.29177443899578
-2.29127739544195
-2.29077711266404
-2.2902738023621
-2.2897674330814
-2.28925790633799
-2.28874532254939
-2.28822967688684
-2.28771080691431
-2.28718874431114
-2.2866638051903
-2.28613562481032
-2.28560424617126
-2.28506991357941
-2.28453235356487
-2.28399187031489
-2.28344810139698
-2.28290143876622
-2.28235153376428
-2.28179863417032
-2.28124254411565
-2.28068350694639
-2.28012131632033
-2.27955599351111
-2.27898769092819
-2.27841622398042
-2.2778415609372
-2.27726405517806
-2.27668343360667
-2.27609974513576
-2.27551301825388
-2.27492316900915
-2.27433011505803
-2.27373417928806
-2.27313518706857
-2.2725330058083
-2.27192809324724
-2.27131992281962
-2.27070879882633
-2.2700944437756
-2.26947731708538
-2.26885696594198
-2.26823376042742
-2.26760733659296
-2.26697810346651
-2.26634567556637
-2.26571044657573
-2.26507195176737
-2.26443070555797
-2.26378622433541
-2.26313899862191
-2.262488524767
-2.26183530516155
-2.26117889219082
-2.26051969502823
-2.25985735336469
-2.25919219116184
-2.25852407504094
-2.25785279233657
-2.25717872724436
-2.25650172598273
-2.25582186500452
-2.2551389141466
-2.25445290442611
-2.2537640521646
