-0.0436332312998582
-0.0359545034470224
-0.0312411030334056
-0.0285175204989029
-0.0270298823717572
-0.0263011309699861
-0.0260372562602415
-0.0260585460637692
-0.0262549502378106
-0.0265598943866864
-0.0269327071266098
-0.0273488081908861
-0.0277933035920145
-0.0282570231193609
-0.0287345450437941
-0.0292223105801318
-0.0297183377649335
-0.0302213413159563
-0.0307303876056416
-0.0312452161553217
-0.0317652770835313
-0.0322905590448005
-0.0328203078672622
-0.0333550200885435
-0.0338947098019492
-0.0344388385927145
-0.0349876546920977
-0.0355405401098986
-0.0360985588138496
-0.0366605515069401
-0.0372255829921436
-0.0377948713977949
-0.0383684292720847
-0.0389460015374615
-0.0395276793024246
-0.0401131916141885
-0.0407022826489615
-0.041295496270839
-0.0418924115784985
-0.0424946170035778
-0.0430988267122467
-0.0437083448864182
-0.0443198647240932
-0.0449366518078746
-0.0455554140930272
-0.046178943612638
-0.0468059317929705
-0.0474362605053955
-0.0480692614427166
-0.0487072635273453
-0.0493471633135497
-0.0499920284858067
-0.0506387991514074
-0.0512904166578583
-0.0519438829627623
-0.0526010540452061
-0.0532615800863777
-0.0539263403795787
-0.0545938685025416
-0.0552640515859219
-0.0559380764548233
-0.0566147361526884
-0.057295871099036
-0.0579787102081255
-0.0586660502126271
-0.0593550963970141
-0.0600476474894165
-0.0607432588790404
-0.0614430608160154
-0.0621444937653665
-0.0628491734668099
-0.0635574191184378
-0.0642681668476671
-0.0649831129872362
-0.0656996590154495
-0.0664204273489889
-0.0671428002771928
-0.0678693971993385
-0.0685975906002423
-0.069329938663389
-0.0700638744990722
-0.0708019425947997
-0.0715415882649563
-0.0722853286370037
-0.0730306403413573
-0.07377909973628
-0.0745308287297135
-0.0752848362595016
-0.0760426881451207
-0.076802043039186
-0.0775644185059362
-0.0783295631101307
-0.0790984189027184
-0.0798687075380795
-0.0806418836044073
-0.0814187635807458
-0.0821971089856644
-0.0829782829541902
-0.0837624957155772
-0.084549030348385
-0.085338428694914
-0.0861302413485138
-0.0869252186406598
-0.0877230086251962
-0.0885221196026047
-0.0893240101472924
-0.0901295105853136
-0.0909364622737096
-0.0917463537577719
-0.0925593132567706
-0.0933736511934318
-0.0941908057355612
-0.0950112822025121
-0.0958331038496953
-0.096658455277183
-0.0974851465636026
-0.0983149752062525
-0.0991475295831202
-0.0999814254336216
-0.100818004791319
-0.101657110492082
-0.10249939414991
-0.103342960440402
-0.104189493317009
-0.105038698420479
-0.105889196613128
-0.106743065252233
-0.1075986029233
-0.108456269738731
-0.109316169857582
-0.110179312203885
-0.111043882694818
-0.111910605668073
-0.112780524228736
-0.113651710933466
-0.114525559152939
-0.115402085453648
-0.116280649560809
-0.117160458131031
-0.118043498551717
-0.118927777842464
-0.119814428954616
-0.120704096918254
-0.121594938996275
-0.122488848478465
-0.12338472972185
-0.124281807729856
-0.125181993763593
-0.126083605457809
-0.12698713332022
-0.127893666579242
-0.128801347160598
-0.129711985849405
-0.130623993795273
-0.131537898887192
-0.132454722531246
-0.133372649415259
-0.134293466141115
-0.135215395181828
-0.136140186243827
-0.137066329272884
-0.137994287172393
-0.138925092618386
-0.139856960951549
-0.140791607804801
-0.141727321744366
-0.142665783221745
-0.143605313233804
-0.144547369572048
-0.145491526774526
-0.14643674713751
-0.147384739589819
-0.148333771587853
-0.149285504817128
-0.150238274948949
-0.151193749413831
-0.152150248937385
-0.153109411292971
-0.154069816373147
-0.155031900038524
-0.155996411063284
-0.156962391605001
-0.157930575974773
-0.158899768996835
-0.159871134053494
-0.160844668182824
-0.161819178415532
-0.162796233058913
-0.163774254192349
-0.164754791703378
-0.165736316335148
-0.166720110506351
-0.167705441080837
-0.168692760704381
-0.169681034140304
-0.170671627322491
-0.171663631414133
-0.172657142163852
-0.173652369992931
-0.174649919789663
-0.175648362229898
-0.176649141687773
-0.177650869879605
-0.178654274184317
-0.179659965071809
-0.180666604123315
-0.181674877012855
-0.182685380719199
-0.18369676713339
-0.184710401839528
-0.185724894360441
-0.186741615024912
-0.187759194010118
-0.188779028428463
-0.189799750721892
-0.190822675073759
-0.191846690890908
-0.192872013841076
-0.193899514517762
-0.19492785356177
-0.195958341359959
-0.196989654539449
-0.198023114123145
-0.199057386385166
-0.200093789964085
-0.201131003144075
-0.202170086554181
-0.203210827525405
-0.204252509104665
-0.205295567392033
-0.206340673609226
-0.207387078558812
-0.208434285367061
-0.209483453923417
-0.210533682631606
-0.21158527745503
-0.212638291559237
-0.213693229611753
-0.214748916098542
-0.215806103610392
-0.216864705394595
-0.217924610525967
-0.21898590849009
-0.220048920993311
-0.221112895428829
-0.222178244593104
-0.223244736926805
-0.224313066624548
-0.225382104222379
-0.226452987272577
-0.227524596460649
-0.228597608008041
-0.22967197024866
-0.230747592756715
-0.231824923462066
-0.23290292771613
-0.233982704221364
-0.235063150998633
-0.236145059413734
-0.237228082469774
-0.238312500325098
-0.239398011390248
-0.240485194098209
-0.241573018794556
-0.242662209513971
-0.243752510048028
-0.244844450753684
-0.245937125695727
-0.247031000579248
-0.248126110811904
-0.249222428019043
-0.250320106966963
-0.251418840519139
-0.252518346477894
-0.253619055750919
-0.254720944730706
-0.255823899183448
-0.256927963139948
-0.258033374836155
-0.259140042344679
-0.260247711610992
-0.26135599296676
-0.262465862490605
-0.263576737572432
-0.264688219951507
-0.265801091999708
-0.266915195564982
-0.268030012591828
-0.269145789752985
-0.270263064644427
-0.271380917179346
-0.272499972177025
-0.273620313966141
-0.27474158623251
-0.275863426421121
-0.276986733334711
-0.278110592320888
-0.279235880342968
-0.280361728716399
-0.281488596195814
-0.282616849563744
-0.283745625048429
-0.284875773064906
-0.286006428926812
-0.287138207767954
-0.288270824400245
-0.289404415234978
-0.290538976612127
-0.291674438248542
-0.292810845527635
-0.293948123699814
-0.295086306498079
-0.296225382723955
-0.297365352393707
-0.2985062022022
-0.299647904962181
-0.300790486955073
-0.30193391020405
-0.30307825299706
-0.304223350124082
-0.305369303714836
-0.306516086958399
-0.307663749479204
-0.308812163809811
-0.30996140455957
-0.311111436160554
-0.312262275106296
-0.313413914007442
-0.314566333835492
-0.31571950644319
-0.316873489369152
-0.318028225560345
-0.319184541846483
-0.320340460402819
-0.321497263852223
-0.322655146887591
-0.323813473472689
-0.324972593875424
-0.326132506040008
-0.327293121574784
-0.328454489328468
-0.329616561108895
-0.330779317969756
-0.331942795965919
-0.33310693167045
-0.334271753498721
-0.335437254165522
-0.336603411826239
-0.337770230154564
-0.338937771429999
-0.340105863151917
-0.34127461095923
-0.342443985480617
-0.343613993193225
-0.344784730842999
-0.345955931415025
-0.347127763752333
-0.3483002159932
-0.349473222402284
-0.350646900303122
-0.351821076150705
-0.352995932148332
-0.354171247595609
-0.35534717539187
-0.356523609784563
-0.357700610450732
-0.35887816253005
-0.360056245438659
-0.361234861590295
-0.362414033741407
-0.363593680478305
-0.364773848531132
-0.365954506001416
-0.367135745302736
-0.368317359014604
-0.369499495545665
-0.370682092591361
-0.371865164844721
-0.373048700877922
-0.374232690228181
-0.37541728403859
-0.376602105950017
-0.377787531229753
-0.378973202029769
-0.380159393418683
-0.381345920710975
-0.38253288563165
-0.383720259067528
-0.384908049774285
-0.38609621674548
-0.38728490172276
-0.388473786259969
-0.389663058993145
-0.390852705798342
-0.392042715109723
-0.393233078726219
-0.394423790432122
-0.395614846452895
-0.396806226457632
-0.397997923846808
-0.399189935790264
-0.400382260764237
-0.401574888448397
-0.402767806480909
-0.403961111743572
-0.405154555280777
-0.406348333955715
-0.407542322942638
-0.408736582268253
-0.409931102091811
-0.411125872143926
-0.412320891827879
-0.413516139843926
-0.414711616852889
-0.415907341591683
-0.417103234943866
-0.418299337258516
-0.419495646756584
-0.42069213726987
-0.421888811570964
-0.423085667991403
-0.424282695654746
-0.425479881956362
-0.426677200984716
-0.427874892825952
-0.429072439073726
-0.430270158152888
-0.431468028305744
-0.432666029214333
-0.433864150567264
-0.435062393045964
-0.436260746551064
-0.437459199688712
-0.438657726611162
-0.43985633010147
-0.441055002784135
-0.442253748277583
-0.443452562974558
-0.44465140104087
-0.44585029147637
-0.447049226540795
-0.448248181000284
-0.449447112271281
-0.450646117323794
-0.451845123071587
-0.453044126156964
-0.454243121479518
-0.455442144976491
-0.456641091765373
-0.457840010511412
-0.459038899578144
-0.460237748692292
-0.461436536904549
-0.462635279087539
-0.463833957872586
-0.465032560671953
-0.466231091292717
-0.467429531021847
-0.468627714986704
-0.469826023173768
-0.471024180084135
-0.472222225672925
-0.473420142374133
-0.474617883661459
-0.475815529818403
-0.477013021402879
-0.478210354097364
-0.47940747618327
-0.480604498216701
-0.481801333127397
-0.482997988791261
-0.484194376249902
-0.485390677380982
-0.486586757904621
-0.4877826149734
-0.488978243505356
-0.490173634760224
-0.491368806999059
-0.49256363808301
-0.493758358633691
-0.494952802277272
-0.496146966978468
-0.497340796023366
-0.498534336111014
-0.49972770238458
-0.500920745253947
-0.502113482607276
-0.503305900312535
-0.504498002762892
-0.505689773099156
-0.506881197852346
-0.508072294185974
-0.509263010942799
-0.510453412687636
-0.511643439457462
-0.512833099663008
-0.514022075506816
-0.515211092352385
-0.516399668927406
-0.517587669551519
-0.518775438554824
-0.519962599110556
-0.521149545263827
-0.522336018000933
-0.523521874849967
-0.52470747745333
-0.52589245931439
-0.527077144607312
-0.528261329715023
-0.529445014596212
-0.530628195581108
-0.53181088342415
-0.532992972613599
-0.53417469917845
-0.535355861377847
-0.536536515753648
-0.537716591537147
-0.538896146866211
-0.540075145826732
-0.541253403397371
-0.542431363313736
-0.543608705956148
-0.544785468410495
-0.545961624997841
-0.547137165111607
-0.54831203428562
-0.549486400376548
-0.550660071841726
-0.551833185483042
-0.553005453008214
-0.554177339445954
-0.555348535261971
-0.556518827395734
-0.557688750724321
-0.558857939126228
-0.560026439445774
-0.561194070775337
-0.562361205578012
-0.563527603114612
-0.564693268773167
-0.565858198010378
-0.567022383496181
-0.568185826504462
-0.569348524985913
-0.57051046706655
-0.571671217391761
-0.572831782751228
-0.573991505197357
-0.575150119679491
-0.576308293129323
-0.577465525624934
-0.578622017803366
-0.579777375048115
-0.58093228154435
-0.582085996239409
-0.583239244221362
-0.58439145655543
-0.585542913436765
-0.586693154908611
-0.587842931411141
-0.588991754898625
-0.590139513302673
-0.591286505994429
-0.592432477241154
-0.593577636374869
-0.594721821291997
-0.595864752862886
-0.597007174002465
-0.598148589043915
-0.599289001432949
-0.600428437557112
-0.601566849256214
-0.602704273901094
-0.603840368924748
-0.604975922010343
-0.606110377337497
-0.607243830075109
-0.608375976805444
-0.609507412700095
-0.610637761337179
-0.611766666404264
-0.612894990787471
-0.614022185806439
-0.615148254906332
-0.616273208263775
-0.617397056938748
-0.618519787244858
-0.619641379602405
-0.620761874945386
-0.62188123551222
-0.622999182009742
-0.624116134044786
-0.625232194574653
-0.626346624766875
-0.62746038851567
-0.628572858219328
-0.629684169997503
-0.630794237253813
-0.631903073670291
-0.633010655479041
-0.634117012413834
-0.63522215115678
-0.636326048081459
-0.637428641153072
-0.638530040458977
-0.639630135564444
-0.64072898259316
-0.641826541711227
-0.642922797759521
-0.644017753845278
-0.645111014955467
-0.6462034866507
-0.64729457534057
-0.648384256052846
-0.649472562101205
-0.650559363346954
-0.651645053751631
-0.652729246163625
-0.653812140089569
-0.654893343068359
-0.655973548026405
-0.657051794445091
-0.658129281419945
-0.659205213988182
-0.660279689739543
-0.66135229756353
-0.662423999329958
-0.663494163134104
-0.664562546158886
-0.665629625999297
-0.666695380238064
-0.66775957603908
-0.668822233147103
-0.669883353728218
-0.670942918292239
-0.672000989074665
-0.673057476763688
-0.674112450056499
-0.675165811016187
-0.676217675319244
-0.67726788891054
-0.678316613741862
-0.679363452321678
-0.680409072867956
-0.68145249349702
-0.682495026703121
-0.683535814011871
-0.684574887911348
-0.68561234140063
-0.686648094144193
-0.687682146556048
-0.688714527811334
-0.689745267616481
-0.690774311343935
-0.691801249976441
-0.692827026621193
-0.693851008793647
-0.694873251059526
-0.695893695797036
-0.696912438039737
-0.697929416137319
-0.698944620535048
-0.699958012710024
-0.700969667082481
-0.701979536671255
-0.702987561895429
-0.703993845463965
-0.704997682356105
-0.70600056053174
-0.707001474096162
-0.708000494493328
-0.708997427927862
-0.709992660683271
-0.710986208977532
-0.711977796208082
-0.712966857257754
-0.713954879854139
-0.714940865180964
-0.715924859044054
-0.716906667860812
-0.717886894851239
-0.718864940722864
-0.719841247964496
-0.720814786223523
-0.721787377793879
-0.722757868617392
-0.723726289864187
-0.724692671826111
-0.725657017777592
-0.72661933674296
-0.72757894689104
-0.728537468201108
-0.729493791682884
-0.73044808249444
-0.731400238629989
-0.732349608063782
-0.733297897298235
-0.734243982171945
-0.735187164391663
-0.736129220354963
-0.737068995703065
-0.738006555070588
-0.738942011447744
-0.739874644119383
-0.740806009527442
-0.741735107457052
-0.74266180706228
-0.743585761385703
-0.744508502562936
-0.745428173749794
-0.746346410104197
-0.747262571563561
-0.748176197035214
-0.749087756606944
-0.749996230466243
-0.750902677034159
-0.751807856586054
-0.752710155139237
-0.753610087921735
-0.75450750042622
-0.75540359925035
-0.756296365270232
-0.757186978364688
-0.758076237580885
-0.758962588623591
-0.759846090874616
-0.76072827425079
-0.76160704134721
-0.762484482974525
-0.76335850442448
-0.764231196974787
-0.765100444878973
-0.765968352705642
-0.766833239394237
-0.767695298516863
-0.768556000533228
-0.769413185068008
-0.770269004162837
-0.771121696068408
-0.771971810136259
-0.772819803212113
-0.773665687241655
-0.774508028025063
-0.775348983654926
-0.776186360012397
-0.77702234914974
-0.777854713211891
-0.778685661473755
-0.779512960175311
-0.780338852513637
-0.781161976655018
-0.781982346596473
-0.782799927501441
-0.783615156013656
-0.784426848092151
-0.785236203355852
-0.786044098774644
-0.786848204118874
-0.787650831368609
-0.788449670150378
-0.789246060222179
-0.790040931637087
-0.790831890147675
-0.791621339079047
-0.792406907833094
-0.793190975216428
-0.793971156188102
-0.794749815924695
-0.795525516836522
-0.796297431338185
-0.797067844981646
-0.797834365169285
-0.798599377848707
-0.799360447968294
-0.800119972765104
-0.800875514588273
-0.801629505900262
-0.802380032027656
-0.803128149811091
-0.803873443467041
-0.80461484747094
-0.805354721293009
-0.806090581174541
-0.806824894352787
-0.807555700650216
-0.808284068669193
-0.809008705121301
-0.809731229599094
-0.810451065478664
-0.811166859453119
-0.8118810630925
-0.812591776711998
-0.813299989250565
-0.814004135565324
-0.81470672632835
-0.815406165383529
-0.816101510704679
-0.816794852645436
-0.817485482206876
-0.818172938380733
-0.818857522891916
-0.81953800085032
-0.820215780395296
-0.820891866992032
-0.8215635958122
-0.822233607353877
-0.82290027357573
-0.82356282126662
-0.824223695370649
-0.824880220564085
-0.825535017693047
-0.82618546731403
-0.826834192012693
-0.827478509311806
-0.828121078531616
-0.828760066058342
-0.829395071740785
-0.830028354344208
-0.830657171202361
-0.831283104677957
-0.831907246518014
-0.832527513742557
-0.833144995719887
-0.833758047353062
-0.834369344451625
-0.834976155811269
-0.835581208113597
-0.836181694652027
-0.836780402088601
-0.837374518561972
-0.837966852351087
-0.838555349347856
-0.839140982436884
-0.839722908156027
-0.84030197612276
-0.840877171379758
-0.841449469172529
-0.842018856599832
-0.842583733476137
-0.843146835770176
-0.843705314566916
-0.844261981864044
-0.844813935606573
-0.845364058104369
-0.84591021048254
-0.846453447583917
-0.846992061195529
-0.847528859624832
-0.848060963931148
-0.848591206363151
-0.849117354134843
-0.84964067651365
-0.850160157735296
-0.850676618574545
-0.851188467605259
-0.85169728127571
-0.852204161230807
-0.852707319853969
-0.853205809007816
-0.853702064259708
-0.854195129188579
-0.854683428758617
-0.855168596569823
-0.85565182425727
-0.856130037844225
-0.856606320561215
-0.857078592764419
-0.857546735508537
-0.858011807304703
-0.858473177638792
-0.858931660572753
-0.859386087669552
-0.859837825663441
-0.860285001950735
-0.860730216637162
-0.861170356237838
-0.861608537524056
-0.862041658472006
-0.862472820891763
-0.862898917519801
-0.863323053123603
-0.863742105878319
-0.864159195866412
-0.864571195875351
-0.864981217262384
-0.865386129501247
-0.865789071370944
-0.866186902513609
-0.866582748929263
-0.866974476784977
-0.867362533876402
-0.867747233313199
-0.868126996658619
-0.868504753513832
-0.868877513100439
-0.869248233990139
-0.869613874824732
-0.869977507958307
-0.870337061928982
-0.870693022188292
-0.871045128485917
-0.871393152617765
-0.871738272168377
-0.872078397623129
-0.872416540306937
-0.872749542144805
-0.873080528363317
-0.873407086332822
-0.873730470423473
-0.874048814450884
-0.874365157061149
-0.874676284831981
-0.874985381803297
-0.875289215685328
-0.875591004019454
-0.875887503392529
-0.876181950512673
-0.876472067597638
-0.876758753784923
-0.877040333205886
-0.877319891276583
-0.877594186882833
-0.877866448218273
-0.878134691119656
-0.878397790768821
-0.878658835891429
-0.87891590944469
-0.879167834136167
-0.879417697241946
-0.879663587407737
-0.879905014355261
-0.880143045412306
-0.880377725890615
-0.880607235081479
-0.880834721972153
-0.881056910527063
-0.881277011072399
-0.881493076721841
-0.881704912282575
-0.881913301510572
-0.882117738759161
-0.882318477181982
-0.882514123830401
-0.882707743672049
-0.882897317391335
-0.883082891927139
-0.883264882510577
-0.883441739074668
-0.883616533559671
-0.883787269202762
-0.883953341980724
-0.884116659140353
-0.884275329664726
-0.884430821652232
-0.884582774618269
-0.88473073945029
-0.884873569652587
-0.885014296757924
-0.885149724365465
-0.885283019991421
-0.885411549646083
-0.885536341411216
-0.885657250681763
-0.88577520525573
-0.885889318113193
-0.885998991590111
-0.886105298044988
-0.88620725398101
-0.886305902390035
-0.886400505198818
-0.886491390651614
-0.886577124745426
-0.886660811688903
-0.886739886561126
-0.886815265213685
-0.886887420454804
-0.886954236359555
-0.887018980433666
-0.88707957986742
-0.887134930062888
-0.887188203013624
-0.887237278086872
-0.887282516707377
-0.887322522375678
-0.887360471199406
-0.887394304156197
-0.887422865672007
-0.887449379850975
-0.887471820567301
-0.887489857456627
-0.88750456951435
-0.887515269942793
-0.887521658815483
-0.887524509022714
-0.887523956056073
-0.887519402544721
-0.887509759459646
-0.887498005970609
-0.887482206353876
-0.887461105821429
-0.887437945168157
-0.887410688551357
-0.887378988252862
-0.887342761469839
-0.887304422670822
-0.887261935797465
-0.887214115673091
-0.887164276593
-0.887110352820257
-0.887052414815686
-0.886990583539008
-0.886924906241063
-0.886854345775274
-0.886781098814404
-0.886704304428698
-0.886623433603617
-0.88653858891563
-0.886450153655103
-0.886356542206568
-0.886260752296266
-0.886160956908874
-0.886057251899747
-0.885949868200945
-0.885838052248458
-0.88572277731196
-0.885604074485292
-0.885480151296132
-0.885354042655726
-0.885223939211028
-0.885090037316888
-0.884950960279307
-0.884809818440773
-0.884663368253769
-0.884514821957582
-0.884360857593766
-0.884204800824773
-0.884043315740798
-0.883879661140315
-0.88371093576351
-0.883539422401822
-0.883364269131778
-0.883183841253038
-0.883001347912957
-0.882814387409677
-0.882624034311967
-0.882428547004106
-0.882230977260053
-0.882029372577503
-0.881822596237164
-0.88161240952983
-0.881400130047546
-0.881183363167959
-0.880963164062866
-0.880738456530542
-0.880510556645
-0.880278949698638
-0.880042284731416
-0.87980359741267
-0.879559908089226
-0.879313466488587
-0.879063530535858
-0.878809484268375
-0.878551787241946
-0.878290404056646
-0.878025041754315
-0.877756227064753
-0.877482854699112
-0.877206791854688
-0.876926947240465
-0.876643322053892
-0.876355238160586
-0.876064525659809
-0.875769426138185
-0.875471390538264
-0.875169491224617
-0.874863477309699
-0.874554339807938
-0.874241071276098
-0.87392460988391
-0.87360406218502
-0.873280306146912
-0.872952772400133
-0.87262156743
-0.872286705640113
-0.871948232247536
-0.871606045762924
-0.87126034955442
-0.870910941796985
-0.870557766808666
-0.870201304406211
-0.86984117841802
-0.869476213010402
-0.869108927043308
-0.868738411557002
-0.868362876106574
-0.867985364988633
-0.867602767011028
-0.867218181434258
-0.866828467870334
-0.866436795978609
-0.866040852384182
-0.865641745717448
-0.865238444469417
-0.864832124021469
-0.86442089981346
-0.864007780816959
-0.863590781942483
-0.863170257247157
-0.86274564432483
-0.862318071089455
-0.861886529762703
-0.861451894155893
-0.861013626853
-0.860571750415635
-0.860126486973995
-0.859677632034559
-0.859224571403526
-0.858769068898007
-0.858309898872061
-0.857847285508375
-0.857381069727864
-0.856911234454966
-0.85643820227745
-0.855960472210429
-0.855480924291064
-0.854997715356552
-0.85450978349962
-0.854019974556149
-0.853525316725275
-0.853028770213173
-0.852527341362495
-0.852024009762613
-0.851515789473849
-0.851005665564792
-0.850490672839074
-0.849973759329144
-0.849453117152379
-0.848928043977442
-0.848400540172967
-0.847869819846296
-0.847335173510952
-0.846797590216556
-0.84625646306387
-0.84571192318321
-0.845163598180271
-0.844612568805978
-0.844056976511869
-0.843499604813531
-0.842938593395893
-0.84237427755869
-0.841805445146837
-0.841234790358727
-0.840660619735813
-0.840081911805821
-0.839501404802903
-0.83891624620277
-0.838329280967681
-0.837737631021585
-0.837144140593658
-0.836546682881684
-0.835946087703282
-0.835342592365071
-0.834735306627999
-0.83412519925926
-0.833511349397621
-0.832894765351511
-0.832274585643699
-0.831651496257796
-0.831024018912182
-0.830394782981579
-0.829761061525182
-0.829125566513117
-0.828485545185566
-0.827843769598358
-0.827197442160666
-0.826549333630999
-0.825897671527451
-0.825242843642074
-0.824584399013667
-0.823923222310156
-0.823258530639243
-0.822591037504473
-0.821919272086986
-0.821245780328999
-0.820567931189122
-0.819888375803009
-0.819204375115203
-0.818518671846323
-0.817828499289469
-0.817136643376901
-0.816441352976137
-0.815742950606897
-0.815040316353364
-0.814336013899811
-0.813628186466635
-0.812917559898519
-0.812202723718831
-0.811486238004551
-0.810765455230535
-0.810042991969026
-0.809316206059019
-0.808587752322715
-0.807855608011415
-0.807120914144579
-0.806382023548615
-0.805641494280574
-0.804897370702423
-0.804150703088344
-0.803400611004166
-0.802647562918264
-0.801891919109554
-0.801133154392156
-0.800371120070893
-0.799606533523879
-0.798837936236832
-0.798067784059156
-0.797294472199122
-0.796517668044872
-0.79573862428444
-0.794956378394528
-0.794171392162303
-0.793383439780311
-0.79259254566014
-0.791798443958825
-0.791001897332873
-0.790201447984533
-0.789399462296299
-0.78859411940842
-0.787786290715712
-0.786974519601859
-0.786161212274989
-0.785343911819405
-0.78452503432114
-0.783702750302505
-0.782878034926111
-0.782050007563463
-0.781219614879307
-0.780385367608883
-0.779549601327296
-0.778710830590762
-0.777868242118874
-0.777024158300582
-0.776176937640976
-0.775327119907437
-0.774473567088198
-0.773618465559416
-0.772760456964451
-0.771898658839685
-0.771035373267996
-0.770168237408799
-0.769299608009182
-0.768427080249509
-0.767553092228352
-0.766675855788128
-0.765796259729589
-0.764912836761087
-0.764028046794485
-0.763140396565794
-0.762249094312286
-0.761356286520792
-0.760460658064477
-0.759561356078157
-0.758660614198196
-0.75775613671895
-0.756850226731739
-0.755941195864093
-0.755029845523165
-0.75411485579378
-0.75319845877779
-0.752279256545801
-0.751356590078832
-0.750432424873396
-0.749505517296369
-0.748575098446436
-0.747643224121379
-0.746708631233388
-0.745770496589309
-0.744830884704972
-0.743888687487267
-0.742943659016254
-0.74199543198551
-0.741045841810247
-0.740093247703374
-0.739138485904116
-0.738180903380352
-0.737221038455156
-0.736257765387221
-0.735293134528209
-0.734325064655162
-0.733355629412029
-0.73238266048411
-0.731408315769194
-0.730430467828087
-0.729451264975863
-0.728469178925655
-0.727484863693711
-0.726497165517582
-0.725508155415109
-0.724515720347205
-0.723521956131264
-0.722524755717604
-0.721526226668613
-0.720524270736442
-0.719520985905706
-0.718514269131454
-0.717506259149296
-0.716495467402008
-0.715482469323633
-0.714466212623147
-0.713448695023902
-0.712428543035201
-0.711406145815417
-0.710380555090753
-0.709353717337241
-0.708324191757454
-0.707292580511295
-0.70625856437783
-0.705222059395254
-0.704182680532834
-0.703142072783915
-0.70209867665896
-0.701053092309603
-0.700005617625848
-0.698954980040957
-0.697903117036894
-0.696848056709378
-0.695791764802544
-0.694732271743839
-0.693671506108992
-0.692607738021733
-0.691542389636724
-0.69047488810631
-0.689405024386089
-0.688332139021775
-0.687258117167151
-0.686181773713839
-0.685102406427034
-0.684021871842918
-0.682938278452286
-0.681853488273734
-0.680766202180281
-0.679676912443775
-0.67858465174926
-0.677491219874252
-0.676394783563943
-0.675297184767666
-0.674196561527352
-0.673094770859518
-0.6719899472627
-0.670883986326463
-0.669775542734714
-0.668665202066339
-0.667552632644085
-0.666438013746987
-0.6653205878967
-0.664202055038458
-0.663080647211425
-0.661958110062155
-0.660833356232545
-0.659705871294895
-0.658577192817471
-0.657446369953392
-0.656312746449482
-0.655178030608897
-0.654040483236634
-0.652901846394071
-0.651760641441031
-0.650617452638086
-0.64947241106901
-0.648325857890673
-0.647176688244668
-0.646025850960738
-0.644873378317831
-0.643718788173671
-0.6425621475306
-0.641403615580481
-0.640242997781823
-0.639080633204811
-0.637916267430146
-0.636749950869351
-0.635581840135636
-0.63441144610789
-0.633239568937195
-0.632065859925067
-0.63088956407044
-0.629712289323409
-0.628533001690856
-0.627351696688781
-0.626168064473319
-0.624983385099468
-0.623796745484184
-0.622607975941359
-0.621417647730738
-0.620224784520396
-0.619030982426488
-0.617835249596641
-0.616637022116774
-0.615437784260171
-0.614236546102947
-0.613033628903492
-0.61182831311745
-0.610621996184163
-0.609413778934715
-0.608203105071129
-0.606991536678036
-0.60577810693447
-0.604562252582184
-0.603345420216472
-0.602126769142139
-0.600906320116163
-0.599684125092727
-0.598460204439819
-0.59723457243777
-0.596006646448561
-0.594777845426808
-0.593547205913608
-0.592314941083518
-0.591080380433307
-0.589844930733004
-0.588607488277687
-0.587368661502243
-0.586127543368166
-0.584885538379393
-0.583641229937922
-0.58239601147995
-0.581149043880945
-0.57990034320713
-0.578650051759406
-0.577397540513587
-0.57614421552332
-0.574889211628683
-0.573632014106527
-0.572373970798398
-0.571114038066245
-0.569852788548289
-0.568589511022426
-0.567324960049797
-0.566059115522167
-0.564791128624585
-0.563522279749841
-0.562251792909132
-0.560979673305121
-0.559706115913068
-0.558430998930344
-0.55715384235699
-0.555875896294831
-0.554595856372746
-0.553315009480352
-0.552032065779457
-0.550748302806973
-0.549462932944848
-0.548176056366001
-0.546887201747764
-0.545597584833131
-0.544306435930525
-0.543013628666146
-0.54171959555283
-0.540423947609483
-0.539127120218268
-0.537828384984136
-0.536528871337965
-0.535227879889926
-0.533925391856806
-0.532621118112795
-0.53131610983063
-0.530009444970698
-0.528701658870209
-0.527392381929674
-0.526081826391153
-0.524769429938427
-0.523456348303886
-0.522141816723973
-0.520825979017723
-0.51950878175954
-0.518189774296951
-0.516870153747692
-0.51554917529756
-0.514226414528269
-0.512902967209719
-0.511577729494956
-0.510251800063393
-0.508924360381961
-0.507595835514856
-0.506265579873533
-0.504934651586053
-0.503602391967835
-0.502268663422914
-0.500933975341608
-0.499598032825464
-0.498260692127869
-0.496922393480807
-0.49558245702936
-0.494241884351475
-0.492899661295369
-0.491556788847149
-0.490212488076298
-0.488867229387395
-0.4875203737151
-0.486172897595281
-0.484823896311284
-0.483474005417852
-0.482123137568643
-0.48077104967375
-0.479417679368244
-0.478063430614793
-0.476707675258883
-0.475351333158878
-0.473993837869285
-0.472635162639509
-0.471275492286232
-0.469914688021423
-0.468552917867088
-0.467190051834913
-0.465826128328445
-0.464461244852892
-0.463095214638931
-0.461728293553967
-0.460360391831075
-0.45899112715408
-0.457621336737819
-0.456250166461727
-0.454878460708952
-0.453505691017394
-0.452131947956235
-0.450756886564108
-0.449381316576233
-0.448004502205065
-0.446626927324985
-0.445248559740332
-0.443868875390489
-0.442488714008394
-0.441107477744204
-0.43972544696141
-0.438342153249585
-0.436958408189548
-0.435573719130809
-0.434187999401181
-0.432801289309139
-0.431414119047032
-0.430025743665131
-0.428636903430943
-0.427247105164509
-0.425856528364833
-0.424464982090169
-0.423072768578639
-0.421679454114195
-0.420285716738123
-0.418890876431109
-0.417495604373216
-0.416099502376967
-0.414702592347728
-0.41330465137941
-0.411906329658894
-0.410507214714789
-0.409107331434934
-0.407706727764749
-0.406305120524466
-0.404903163388759
-0.403500474146266
-0.402097023390715
-0.400692950525806
-0.399288097948545
-0.397882730463075
-0.396476665610026
-0.39506968617251
-0.393662338001498
-0.392254347960984
-0.390845507455831
-0.389436293362857
-0.388026426497411
-0.386615831378444
-0.385204760742242
-0.38379291040251
-0.382380708300921
-0.380967837241128
-0.379554443727618
-0.378140441099741
-0.376725928972009
-0.375310615963223
-0.373895098818398
-0.372479032304103
-0.37106224034647
-0.369645180625894
-0.368227418846009
-0.36680938631674
-0.365390822228742
-0.363971775473234
-0.362552121997466
-0.361132113245902
-0.359711710783698
-0.358290686655377
-0.356869426954487
-0.355447713189108
-0.354025572965471
-0.352603008908535
-0.351180046226476
-0.349756710696595
-0.348332982407692
-0.346908731509276
-0.345484286162371
-0.344059340354532
-0.34263420293556
-0.341208577452896
-0.339782770736437
-0.338356483326869
-0.336930038247566
-0.335503257748955
-0.334076167385098
-0.332648760237556
-0.331221093685902
-0.32979302364542
-0.328364844875459
-0.326936400451606
-0.325507663639648
-0.324078744424175
-0.32264958602835
-0.321220115270368
-0.319790534094619
-0.318360700292232
-0.316930652707946
-0.315500506507694
-0.314070100683098
-0.31263961061829
-0.311208888414211
-0.309778089805025
-0.308347139510231
-0.306916052824624
-0.305484758440742
-0.304053444770208
-0.302622041254316
-0.30119051888268
-0.299758878662516
-0.29832719539192
-0.296895383596507
-0.295463579500994
-0.29403172483607
-0.292599806817687
-0.291167878074148
-0.289735938078705
-0.288303968929822
-0.28687200711714
-0.285440056874262
-0.284008119604941
-0.282576211593625
-0.281144330709256
-0.279712493130971
-0.278280727040973
-0.276848996684619
-0.275417472774327
-0.273985875187934
-0.272554385138287
-0.271123018212745
-0.269691778268139
-0.268260608854899
-0.266829615233824
-0.265398712694545
-0.263967974493925
-0.262537468137555
-0.261107037392562
-0.259676809463319
-0.258246760828789
-0.25681692520635
-0.255387290901724
-0.253957866036722
-0.252528823575308
-0.251099830777814
-0.249671101801752
-0.248242720409763
-0.24681448891256
-0.245386639541012
-0.24395895426417
-0.242531622578377
-0.241104554787196
-0.239677911306424
-0.238251461148293
-0.236825380543467
-0.235399641668452
-0.233974409562822
-0.232549356228142
-0.231124714632626
-0.229700480717743
-0.228276614869089
-0.226853167089066
-0.225430129228675
-0.224007530953419
-0.222585374010375
-0.221163670681669
-0.219742400403178
-0.218321743396163
-0.216901349542464
-0.215481647440809
-0.214062204608504
-0.212643311753602
-0.211224966126201
-0.209807135566464
-0.208390028868779
-0.206973224467206
-0.205557015733745
-0.204141580985694
-0.202726470940794
-0.201311991108052
-0.199898128845547
-0.19848494369335
-0.197072312356759
-0.195660322382286
-0.194248985409895
-0.192838304566218
-0.191428286380409
-0.19001916789812
-0.188610421107082
-0.18720264053947
-0.185795247935869
-0.184388821956523
-0.182982932362031
-0.181577747768773
-0.180173510336676
-0.178770080087049
-0.177367097854793
-0.175964969338485
-0.174563779579633
-0.173163247105695
-0.17176355929211
-0.170364712798147
-0.16896684926131
-0.167569644619751
-0.1661736234568
-0.164778058687242
-0.163383514633669
-0.161989783855774
-0.160597287667995
-0.159205287683817
-0.157814585362369
-0.156424522712549
-0.155035298790875
-0.153647403957932
-0.152260064241517
-0.150873791235238
-0.149488840100981
-0.148104463782741
-0.146721180614612
-0.145338928012194
-0.143958062322745
-0.142577791444688
-0.141198651314416
-0.139820959824774
-0.138443853830582
-0.137068165157318
-0.135693520398502
-0.134319687645903
-0.132947171317782
-0.131576077926951
-0.130205603068681
-0.128836394775575
-0.127468772757214
-0.126101806483259
-0.124736520436136
-0.123371906557638
-0.12200872843867
-0.120646643846103
-0.1192862463718
-0.117926557908119
-0.116568221667251
-0.115211613116981
-0.113855699147269
-0.112501616927094
-0.111148256676055
-0.109796774196372
-0.108446028457493
-0.10709719868731
-0.105749120360575
-0.104402993183511
-0.103057628274836
-0.101713902349119
-0.100371440357628
-0.0990309303219864
-0.0976911921300085
-0.0963534902235211
-0.0950165687270721
-0.0936813658516135
-0.0923474951214358
-0.0910152660979542
-0.089684529787911
-0.0883551517553979
-0.0870278424326552
-0.0857013513947449
-0.0843770193944173
-0.0830535401878855
-0.0817322487912175
-0.0804118686656519
-0.0790932050063117
-0.0777762726995827
-0.0764608599529789
-0.0751471049425929
-0.0738349969240167
-0.0725250833494027
-0.0712160648608446
-0.0699094038303047
-0.0686036200788253
-0.0672996481387059
-0.0659980323382527
-0.0646973737748196
-0.0633991242273898
-0.0621018468305025
-0.0608070509497553
-0.0595132324871005
-0.0582213800494158
-0.0569313185022147
-0.0556437194321649
-0.0543571042720402
-0.0530730351297162
-0.0517899908361941
-0.050508948438389
-0.0492299454413123
-0.0479526680309416
-0.0466774735935022
-0.0454039920978518
-0.0441330808592774
-0.0428632207840135
-0.0415955550751285
-0.0403296689147518
-0.0390664578225983
-0.0378050154938047
-0.0365448669816095
-0.0352866259529044
-0.0340312274915728
-0.0327769499923802
-0.0315255513001662
-0.0302752801190847
-0.0290279460764497
-0.0277817575708825
-0.0265385422693152
-0.0252964873467682
-0.0240572844233495
-0.0228196882453059
-0.0215840628146032
-0.0203507603434569
-0.0191195834560069
-0.017890689599275
-0.0166638881174049
-0.0154400574036205
-0.0142173606598737
-0.0129969972131312
-0.0117796870762361
-0.0105635863034437
-0.00935065370333306
-0.00813896405360192
-0.00693050705132173
-0.00572331818741988
-0.0045186719469807
-0.00331634675929661
-0.00211720413445977
-0.000919326931767632
0.000275740838357171
0.00146881735181837
0.0026586145096684
0.00384711243115441
0.00503225375762673
0.00621602734346444
0.00739720257971371
0.00857499469634148
0.00975145299645516
0.0109244281685588
0.0120960467063153
0.0132646008597073
0.0144309399334881
0.0155948734199628
0.0167553164342253
0.0179143562010859
0.0190698375267482
0.020223906664974
0.0213742878283412
0.022523255684976
0.0236691256442787
0.0248126740132231
0.0259531275500963
0.0270913742800011
0.0282265603903309
0.0293594671536426
0.0304887105884269
0.0316165338358804
0.0327414718140335
0.0338630339711076
0.0349816652302176
0.0360987793657536
0.0372119529316354
0.0383235959530279
0.0394312534712025
0.0405373619185967
0.0416394463692994
0.0427396902766731
0.0438372733057447
0.0449308263928696
0.0460225005582849
0.0471115287034636
0.0481964886263368
0.0492798619392494
0.05035909409072
0.0514366797661431
0.0525101079120668
0.0535819056981249
0.0546494605682405
0.0557153620543419
0.0567779877354709
0.0578364787239709
0.0588933297043885
0.0599458787080484
0.0609967367886227
0.0620432272888466
0.0630880344262846
0.0641292769012544
0.0651676461983615
0.0662017090190128
0.0672329516052936
0.0682624341502053
0.0692873484125933
0.0703105006953991
0.0713293972259111
0.072345901328304
0.0733592256810039
0.074368744005353
0.0753755498258335
0.0763784789224087
0.0773788169073975
0.0783746460520045
0.0793687075141311
0.0803581199067448
0.0813457161277964
0.082329351695827
0.0833100449558995
0.0842860936805873
0.085260316144658
0.086230675029501
0.0871978865519615
0.0881604144756367
0.0891210934068676
0.0900776487089559
0.0910312973532445
0.0919812822191756
0.0929266082114608
0.0938700556363216
0.0948085865683057
0.0957451856284116
0.0966767441535382
0.0976063483589007
0.0985308588355374
0.0994533945517323
0.100371246274978
0.10128516385128
0.102197032396687
0.103103684729023
0.104008309168691
0.104907661645682
0.105804920040069
0.106696960077519
0.107586945600305
0.108471588466476
0.109354164842962
0.110231375858439
0.111106504293217
0.111976224178709
0.112843846195693
0.113706020157358
0.114566080632515
0.115420654414339
0.116273098612743
0.117120025269504
0.117964802238757
0.11880399395765
0.119641028646832
0.120472450598868
0.121301646004875
0.122126531064102
0.122946816968214
0.123763801453909
0.124575290428685
0.125384629665858
0.126188312386411
0.126989783024849
0.127786491215106
0.128579586111252
0.129367046200107
0.130152297728875
0.130932123370387
0.131708600813715
0.13248152794052
0.133248630634676
0.134013465066533
0.134772375963948
0.13552897813913
0.136280972235797
0.137028705521422
0.137770644845209
0.138510302235432
0.139243975666618
0.139975312786143
0.140700559491801
0.141423438485398
0.142140154570338
0.142854481744199
0.143564012829427
0.144269162661358
0.144969345836506
0.145665749418147
0.146356149973727
0.147044173896116
0.147727127134652
0.148406053518836
0.149080187989466
0.149750035990057
0.150415238135273
0.151076047292324
0.151732332611614
0.152383810586309
0.153031299417169
0.153672695943203
0.154311652529898
0.154944199463764
0.155574242687762
0.156197749201058
0.156818717913266
0.157433076646209
0.15804487525163
0.158650012018766
0.15925257103794
0.159848425020838
0.160441685480977
0.161028572424602
0.161611821120348
0.162190734972143
0.162763699522335
0.163332933185174
0.163897370679544
0.164456345162663
0.165011202863688
0.165559485979738
0.166105182389364
0.166645461305043
0.167181179117262
0.167711522782787
0.168237479739944
0.168757716432821
0.169273326740182
0.169784895692227
0.170289694324496
0.170791828481168
0.171286980803733
0.171779423676892
0.172264789655949
0.172747417376783
0.173223341354288
0.173695240877623
0.174162737169919
0.174623154575581
0.175080823859403
0.175532700312431
0.175979870403672
0.176420059184729
0.176857507944658
0.177288801509418
0.177715838337164
0.178137401448096
0.178554012199258
0.178965295120922
0.179371554075692
0.179770899427903
0.180167498045383
0.180558637263281
0.180944321195518
0.181324980519842
0.181700309333131
0.182068753815629
0.18243443294355
0.182794102917499
0.183149109316806
0.183496911663922
0.183841880372166
0.184179445851326
0.18451411861698
0.184841289346395
0.185165512281242
0.185484012592531
0.185795966214342
0.186103915683925
0.186404523589946
0.186702278558758
0.186994297276519
0.187279771461963
0.187559335487686
0.187835926441254
0.188105939577076
0.188371496840041
0.188629558334669
0.18888467096482
0.189133390039437
0.189377421513391
0.189615689052406
0.189848592098322
0.190074178234375
0.190296842443667
0.190513736915219
0.190723229123644
0.190929787209977
0.191128660617332
0.191322565193209
0.191513389712306
0.191696249286119
0.191876051797134
0.192049513580821
0.192217759096218
0.192379836554725
0.192536945690955
0.192686552388001
0.192833209135924
0.192972133150851
0.193108049084642
0.19323612317596
0.193361159077706
0.1934782999517
0.193592396047426
0.193698579298288
0.193801702717145
0.193898038545994
0.193989708935435
0.194075093154701
0.194155430499318
0.194228176955186
0.194297940570456
0.194361804363777
0.19441852493365
0.194470878785837
0.194518409176954
0.194560016159047
0.194594851510337
0.194624892211185
0.194650250699102
0.194669360755292
0.194683354776647
0.194689749351354
0.194693150742351
0.194688698099389
0.194681217537882
0.194667545622539
0.194648357903035
0.194623382512378
0.194592156820008
0.194555706049358
0.194514244045558
0.194465162723708
0.194413088088558
0.194353169722647
0.194290202872684
0.194219291922298
0.194145308046053
0.194063338420801
0.193978291395906
0.193885248541768
0.193789120201396
0.193684977986364
0.193577761558592
0.193462548816649
0.19334424250226
0.193217946204654
0.193088553839356
0.192951183559588
0.192810709407013
0.19266411608163
0.192511011442896
0.192353250647423
0.192189586877156
0.192020514736411
0.191843926311076
0.191664337588253
0.191478802523393
0.191286412274676
0.191089995733804
0.190886373431361
0.19067878853031
0.190465931441344
0.190245346912158
0.190021749866918
0.189790310234521
0.189555825643692
0.189314887987926
0.189068886493852
0.188815226645241
0.188558581176041
0.188294133596887
0.188026662215744
0.187752993087452
0.187473961353889
0.187187350109606
0.186897729727385
0.186601146909615
0.186300050074331
0.185993838272025
0.185679977707586
0.185363132990719
0.185038536260133
0.184710930768073
0.184375509773585
0.184037069416495
0.183690803041207
0.183339527199924
0.182985138144271
0.182623800821326
0.182257962149523
0.181884445556978
0.181507957245452
0.181123722035119
0.180736495064815
0.180341500680039
0.179943516905476
0.179537764487465
0.179129021253708
0.17871250960199
0.17829303103362
0.177867217114146
0.177436451632585
0.176998212755019
0.176557060390416
0.176108306006744
0.175656606981985
0.17519861453928
0.174735782108893
0.174265539232083
0.173792386453157
0.173311708541727
0.172828069841723
0.172338663617197
0.171843523674963
0.171343229337896
0.170835762260885
0.170325453526436
0.169807717391581
0.169287066479005
0.168760721263601
0.168228868061744
0.167691655223995
0.16714739234328
0.166600307889281
0.16604586209237
0.16548855092204
0.1649244035039
0.164355166960048
0.1637820174844
0.163203649167133
0.162617989969503
0.162029481521053
0.161435344965989
0.160834990548958
0.160230508539202
0.15962083973674
0.159005098648039
0.158385187416735
0.157758191083579
0.157128455448865
0.156493185940493
0.155852293170066
0.155206692103561
0.154555231631509
0.1538996141304
0.153237029587658
0.15257169915485
0.151899217668019
0.151223934006362
0.150543216011701
0.149855517326955
0.149165079437296
0.148467522996197
0.147767081397018
0.147061430010808
0.146348780814272
0.145633413727109
0.144911955694731
0.144186308360883
0.143453843198525
0.142718674490992
0.141976479790349
0.141231556376955
0.140480791289892
0.13972562747546
0.138963638346386
0.138198990170151
0.137428407817187
0.136653730156687
0.135872310050142
0.135088245053375
0.134297297001759
0.133503686052575
0.132703182274526
0.131899978434886
0.131091585022092
0.130276501439805
0.129458810560314
0.128634344342072
0.127805518184794
0.126973992809966
0.126136077001128
0.125293579107169
0.124446442784008
0.123594787122584
0.12273912797195
0.121878956231072
0.121012151896619
0.120142768594892
0.119267974637057
0.118388406432829
0.117504700483682
0.116615203487694
0.115722288902361
0.11482358313686
0.113921424827911
0.113014833092291
0.112101918275068
0.111186533528891
0.110264733307617
0.10934044536067
0.10840971014951
0.107476493627073
0.106536837274917
0.105594704316514
0.104646162404657
0.103695121115577
0.10273774840029
0.101777920564255
0.100811751748776
0.099843142183535
0.0988690643035569
0.097891378777701
0.0969076053523684
0.0959214631028708
0.0949291579692904
0.0939344783595528
0.0929336277566065
0.0919304154564749
0.0909210699655838
0.089909360222651
0.0888915546893022
0.0878714037356748
0.0868451922136298
0.0858164958637848
0.0847828058296577
0.0837456246096562
0.0827026225510393
0.0816573525369219
0.0806062034250035
0.079552780928827
0.0784934832319623
0.0774319332012977
0.0763645136994408
0.075294869170227
0.0742207379819742
0.073141979943666
0.0720588987673394
0.0709721211852189
0.0698809349467171
0.0687875104982593
0.0676883482612694
0.0665869914323779
0.0654799779659533
0.0643702219057586
0.0632568511853078
0.0621396161920963
0.0610169891529321
0.0598922714489634
0.0587633379748815
0.0576305729956039
0.0564927045050196
0.0553527980081737
0.0542088459614965
0.0530598126234499
0.0519087632174672
0.0507524865217186
0.0495941877311329
0.0484306520350659
0.0472650998089189
0.0460943416237264
0.0449214479805494
0.04374427382582
0.0425628515074082
0.0413794442918196
0.0401909225210214
0.0389999316247669
0.0378057163632713
0.0366074900145206
0.0354061827496623
0.0342001279186989
0.0329921397168406
0.0317793784951576
0.0305647335155865
0.0293452678188819
0.0281239342208798
0.0268985957988674
0.0256702528061333
0.0244373700083668
0.0232026934761209
0.0219633654820605
0.0207222510748974
0.0194765158748554
0.0182286430799336
0.0169778048467794
0.0157224909226585
0.0144653584366243
0.0132045798526782
0.0119399662428351
0.0106736354381681
0.00940288379787732
0.00813004968227822
0.00685445333904394
0.00557456904014883
0.00429301472694294
0.0030072256293706
0.00171976921829642
0.000428849907987385
-0.000864748198923886
-0.00216196494074124
-0.00346226191709973
-0.00476415170094518
-0.006070134770733
-0.00737769268961686
-0.0086885527483958
-0.0100019701730188
-0.0113192179136556
-0.0126379644778512
-0.0139605640141277
-0.0152846572239901
-0.0166125749973243
-0.017941968053045
-0.0192751487327632
-0.0206097959998906
-0.0219481600230929
-0.0232879589137703
-0.0246314380241886
-0.0259763509577921
-0.0273241260667652
-0.0286743238243885
-0.0300271149244106
-0.0313831935829419
-0.0327406312669962
-0.0341010441010685
-0.0354635172856469
-0.03682816834593
-0.0381960819664987
-0.0395652687576682
-0.0409377440662494
-0.0423117239524154
-0.0436878309045158
-0.0450671005974396
-0.0464479089791381
-0.0478306756301076
-0.0492158207604208
-0.0506031801178777
-0.0519926774980673
-0.0533850458683293
-0.0547785469520201
-0.0561749569034142
-0.0575724977337374
-0.0589729465838242
-0.0603747224325051
-0.0617783730924309
-0.0631844221859573
-0.064592768512263
-0.0660028837382985
-0.0674140901795599
-0.0688280640030427
-0.0702437739170642
-0.0716605540945381
-0.0730794369719594
-0.0745002844509871
-0.0759228255752232
-0.0773477967626053
-0.0787737271043215
-0.0802016758199479
-0.0816312728825415
-0.0830623932116022
-0.0844958020821556
-0.0859301026677289
-0.0873666830355239
-0.0888041612051826
-0.0902438601460396
-0.0916844271273309
-0.0931271814977539
-0.0945707745086192
-0.096016508892339
-0.0974630670085944
-0.0989116917860884
-0.100361107331108
-0.101812447985429
-0.103264818757105
-0.104718493477641
-0.106173775164785
-0.107630176138194
-0.109087880610383
-0.110547033301783
-0.112007340772386
-0.113469006683945
-0.114932156214937
-0.116395950134798
-0.117861397399595
-0.119327487762472
-0.12079497679099
-0.122263484257611
-0.123732973030788
-0.125203693954005
-0.126675362284746
-0.128148424318276
-0.129622049376975
-0.131096727667273
-0.132572724613258
-0.134049237563071
-0.135526777203696
-0.137005219655218
-0.138484858550699
-0.139964959672788
-0.141446251649815
-0.142927998103221
-0.144410888407096
-0.145894229989027
-0.147378376168885
-0.148863554987839
-0.15034912987344
-0.151835704964403
-0.153322657214344
-0.154810558196422
-0.156298814983254
-0.157787760870132
-0.159277490597069
-0.16076764858208
-0.162258342035494
-0.163749791537869
-0.165241553820609
-0.166733851188747
-0.168226670354956
-0.169720075589933
-0.171213713394078
-0.172707868957342
-0.174202374309132
-0.175697406719562
-0.17719264070262
-0.178688339224997
-0.180184310480308
-0.181680548595231
-0.183177190940094
-0.184673980619788
-0.186171135125627
-0.187668419221309
-0.189165959300243
-0.190663717258742
-0.192161663221668
-0.19365981060579
-0.195158030317101
-0.19665642248632
-0.198154859100961
-0.19965339677595
-0.201152011326706
-0.202650664883561
-0.204149354429029
-0.205648056803267
-0.207146750671592
-0.208645423566634
-0.210144054729892
-0.211642631970322
-0.21314111326876
-0.214639489990135
-0.216137802560824
-0.217635963915686
-0.219133984591548
-0.220631804053143
-0.222129450270246
-0.22362683700842
-0.225124106300898
-0.226621053370444
-0.228117857973785
-0.229614330188982
-0.231110496679648
-0.232606454386527
-0.2341020757197
-0.235597263970412
-0.237092083826425
-0.238586672209827
-0.240080771155337
-0.241574547957968
-0.243067787794181
-0.244560705299647
-0.246053026467096
-0.247544987453333
-0.249036493314044
-0.250527494174561
-0.252017875066746
-0.253507643979637
-0.254997093630628
-0.256485934297342
-0.25797395811284
-0.259461672104086
-0.260948722674728
-0.26243511197361
-0.263920837672914
-0.265405819893034
-0.266890262496416
-0.26837374859074
-0.269856843472314
-0.271338917438361
-0.272820570490648
-0.27430116500675
-0.275781329889776
-0.27726060525656
-0.278739102499707
-0.280216664633195
-0.281693527928786
-0.283169242714483
-0.284644464422236
-0.286118766659653
-0.287591842756371
-0.289064434344819
-0.29053603772625
-0.292006706178226
-0.293476390579017
-0.294944998135436
-0.296412808645767
-0.297879265892355
-0.299345191187351
-0.300809686013813
-0.302273620107057
-0.303736068588233
-0.30519789436946
-0.306658622153544
-0.308118100439126
-0.309576565672705
-0.31103394503666
-0.312490169382636
-0.313945181112092
-0.315399141787704
-0.316851534449192
-0.31830329707772
-0.319753673732613
-0.321202992387548
-0.322650848971081
-0.324097764277001
-0.325543401056597
-0.32698733262102
-0.328430586079719
-0.329872047545213
-0.331312785501124
-0.332751696471325
-0.334189870291257
-0.335626419277615
-0.337061671307028
-0.338495767707577
-0.339927968407783
-0.341359417337884
-0.342788918185403
-0.344217624489699
-0.345644827043834
-0.347070085364962
-0.348494512589161
-0.349917424332156
-0.351338334982742
-0.352758433710064
-0.354176468834193
-0.355593700435771
-0.357009315678815
-0.358422850172166
-0.359835556100792
-0.36124653588231
-0.36265604751917
-0.364063951940936
-0.36547019729253
-0.366874977011638
-0.368277619906861
-0.369679405516946
-0.371078952554678
-0.372477610388303
-0.373874448041212
-0.375269709304737
-0.376662713364291
-0.378054805885348
-0.379444562561572
-0.380833399730747
-0.382219845792381
-0.383605355206038
-0.384988434642924
-0.386370560878493
-0.387750221513327
-0.389128921703885
-0.390505540158633
-0.391880595509992
-0.393253757848413
-0.394625212022946
-0.395994578641445
-0.397362534210498
-0.398728030875106
-0.400092534310327
-0.40145500552911
-0.402815752398236
-0.404173987648633
-0.40553123343882
-0.406886412229563
-0.408239812978605
-0.409590691740429
-0.410940521473648
-0.412288364607978
-0.413634055341661
-0.414978090750842
-0.416320141872399
-0.417659631801539
-0.418998087772818
-0.420333840924311
-0.421668526125323
-0.423000443760356
-0.424331276690629
-0.425660000517707
-0.426986662804798
-0.428311296680913
-0.429633305944492
-0.430954139139055
-0.432272894272868
-0.433589365690672
-0.434904106749102
-0.436216764475913
-0.4375266773714
-0.438835492257424
-0.4401414439913
-0.441446264558224
-0.442748577503627
-0.444049170587011
-0.445346871978339
-0.446643436583295
-0.44793704509574
-0.449229491377335
-0.450518972032289
-0.451807218174078
-0.453093196855635
-0.454376222778875
-0.455658095828625
-0.456936943296511
-0.458214610059449
-0.459489199251296
-0.460762609438116
-0.462033683672614
-0.463302269063797
-0.464568958956585
-0.465833388922631
-0.46709480659111
-0.468355113388984
-0.469613085877116
-0.470868008218913
-0.472121723882671
-0.473372298140416
-0.474621670476755
-0.475868633990924
-0.47711250445466
-0.478355148848357
-0.479594835980415
-0.480832530917943
-0.482068446850089
-0.483301189977967
-0.484532620206117
-0.485761619707735
-0.486987453735346
-0.488212018504611
-0.489434141046278
-0.490653160052152
-0.491870892520277
-0.493086179821123
-0.494298275145756
-0.495509087049982
-0.49671743029505
-0.497923280449302
-0.499126853311043
-0.500327739609499
-0.501526687092631
-0.502722387038761
-0.503916901573215
-0.505108910808549
-0.50629764276063
-0.507485098399598
-0.50866994436483
-0.509852054977398
-0.511032191078723
-0.512209938985094
-0.51338441306664
-0.51455758743483
-0.51572742364718
-0.516895871025248
-0.51806174620069
-0.519224269504946
-0.520385483460124
-0.521543941617464
-0.52270011981872
-0.523852949714206
-0.525004443753012
-0.526152495318392
-0.527299210721464
-0.528443064046077
-0.529584675985149
-0.530722887557907
-0.531859738996636
-0.532993291158456
-0.534125070476601
-0.535254468085875
-0.536380397810908
-0.537504971350652
-0.538626019251597
-0.539745676574792
-0.540862595092083
-0.541976949612875
-0.543088731700514
-0.544197633500523
-0.545304533781442
-0.546408539908905
-0.547510401142519
-0.548608812183584
-0.549705865641264
-0.550799355444639
-0.551891450325119
-0.552979929964582
-0.554066770771324
-0.555151190331624
-0.556232016687087
-0.557311432959506
-0.558387426097495
-0.559461391004438
-0.560533059897714
-0.561601699035523
-0.562668121988073
-0.563731657797001
-0.564792875951404
-0.565850573171188
-0.566906812665349
-0.567960400412483
-0.569010412064743
-0.570059006954868
-0.571104537370373
-0.572147785088733
-0.573188220992731
-0.574226131422474
-0.575261216574882
-0.576293976828227
-0.577323187683797
-0.578350970947133
-0.579375998749358
-0.580397424001579
-0.581417412519931
-0.582433694253791
-0.583448520075305
-0.584459589647627
-0.585469198964601
-0.586475028408674
-0.587479388078457
-0.588479956701874
-0.589479040827937
-0.590475215535773
-0.591467729611984
-0.592458789455313
-0.593446118994093
-0.594431908075506
-0.595414845687874
-0.596394073455624
-0.597371858799903
-0.598346321899379
-0.599318399239157
-0.600288028098043
-0.60125392412041
-0.602218364239031
-0.603178994942241
-0.604138141812406
-0.605093443737721
-0.606047238238736
-0.606997854282435
-0.607946015726183
-0.608891305810718
-0.609833909520461
-0.61077284642039
-0.611710313607863
-0.612644902722863
-0.613576619915101
-0.614505708113778
-0.615431123654697
-0.616355063284849
-0.617275815535882
-0.618194187987115
-0.619108810090989
-0.620021941588624
-0.62093120786205
-0.621838981377713
-0.622743755326434
-0.623645694450069
-0.624543962768258
-0.625440722426564
-0.626334549743447
-0.627224603072344
-0.628113158640235
-0.628997847953593
-0.629880982324542
-0.630761147368427
-0.63163749396425
-0.632512331477308
-0.633383258368585
-0.634252670407948
-0.635118788629709
-0.635982444352784
-0.636843123863625
-0.637701083908527
-0.638555270725756
-0.639407969828353
-0.640256787381489
-0.641104045718648
-0.641948307554461
-0.64278904333188
-0.643627119677058
-0.644462995608995
-0.645296255721846
-0.646125598794451
-0.646953406538474
-0.647777247502509
-0.648599534694731
-0.649418477846956
-0.650234628580073
-0.65104830512894
-0.651858068559142
-0.652666329935035
-0.653471582124476
-0.654273476138724
-0.65507306843226
-0.65586973185579
-0.656663611850407
-0.657453688938586
-0.658242233399074
-0.659027747140178
-0.65981038744042
-0.660589255099437
-0.661366577859333
-0.662140884309031
-0.662911355704427
-0.663680285468755
-0.664445189742715
-0.665208559570352
-0.665968858044587
-0.666725187938657
-0.667480049672658
-0.668231869142785
-0.668979745484324
-0.66972605684381
-0.670469288214887
-0.671209330348176
-0.671946845424444
-0.672681441999485
-0.673413136646615
-0.674141795079207
-0.674867871163528
-0.675591043281923
-0.676310397935682
-0.677028214763587
-0.677742451988978
-0.678453534961238
-0.679163041355436
-0.679869105629524
-0.680572642492339
-0.681272577369746
-0.681969380079732
-0.682664621242739
-0.68335675776713
-0.684045828678425
-0.68473108660778
-0.685414696838125
-0.686095280008466
-0.686771917580366
-0.687446967778028
-0.688118966492669
-0.688786986495885
-0.689453466549973
-0.69011681963599
-0.690777208023499
-0.691433777053805
-0.692088720650786
-0.692740622547136
-0.693389518711374
-0.694035467498409
-0.694678421330183
-0.695318602671125
-0.695954893350355
-0.696589653311719
-0.697220366098695
-0.697849489056246
-0.698475076157782
-0.699098253323547
-0.699717915585707
-0.700335244768716
-0.700949572937048
-0.701560909178172
-0.702169363781919
-0.702774922183849
-0.703376780993358
-0.703976589188915
-0.704573691426131
-0.705166891247056
-0.705758357484534
-0.706346759253479
-0.706932009814287
-0.707514185416304
-0.708093825016848
