-0.0174532925199433
-0.0172355534810551
-0.0171020175335561
-0.017020805463472
-0.0169712905955198
-0.0169409253881085
-0.0169221506486526
-0.0169104121330323
-0.0169029470878979
-0.016898093822498
-0.0168948419669843
-0.0168925830671872
-0.0168909489983866
-0.0168897142831866
-0.0168887452970783
-0.0168879555505034
-0.0168872954078989
-0.0168867338242425
-0.0168862499518894
-0.0168858345033244
-0.0168854758242926
-0.0168851723652094
-0.0168849121133139
-0.0168846991653754
-0.0168845326617442
-0.0168844058537399
-0.0168843201583429
-0.0168842687062338
-0.0168842604738967
-0.0168842843803227
-0.0168843314190166
-0.0168844104876329
-0.0168845215748183
-0.0168846617938863
-0.0168848316022246
-0.0168850279565521
-0.0168852483086982
-0.0168854965115871
-0.0168857688120974
-0.0168860773591086
-0.0168863972920861
-0.0168867515414474
-0.0168871167140334
-0.0168875146230146
-0.0168879227328233
-0.0168883590445634
-0.0168888149114367
-0.0168892890914533
-0.016889776716253
-0.0168902925128527
-0.0168908170434049
-0.0168913681209464
-0.0168919275379409
-0.0168925122004798
-0.0168931047321876
-0.016893714542492
-0.0168943402400474
-0.0168949866018146
-0.0168956451578049
-0.0168963147839056
-0.0168970014605034
-0.0168976988188939
-0.01689841660981
-0.0168991403409594
-0.0168998837854563
-0.0169006329790879
-0.0169013959351644
-0.0169021710372128
-0.0169029622205595
-0.0169037584251951
-0.0169045667964474
-0.0169053886303809
-0.0169062191686214
-0.0169070669129723
-0.0169079191439254
-0.0169087872510139
-0.0169096596537606
-0.0169105476363071
-0.0169114396523784
-0.0169123453254397
-0.0169132550911793
-0.016914178357422
-0.0169151056548305
-0.016916045952151
-0.0169169903158525
-0.0169179438972403
-0.0169189075878137
-0.0169198774475167
-0.0169208586517556
-0.0169218433465421
-0.0169228361236147
-0.0169238366363228
-0.0169248476671909
-0.0169258611389564
-0.0169268820562559
-0.0169279130640658
-0.0169289474073309
-0.0169299883272104
-0.0169310371754147
-0.0169320916453822
-0.0169331526012664
-0.0169342187619033
-0.0169352921604683
-0.0169363711698286
-0.0169374509194685
-0.0169385372213741
-0.0169396328991979
-0.0169407307495546
-0.0169418347465293
-0.0169429452537279
-0.0169440576126537
-0.0169451753467816
-0.0169463000049532
-0.0169474262881844
-0.0169485596474675
-0.0169496943643937
-0.0169508348299746
-0.0169519798384169
-0.0169531262577188
-0.0169542766637256
-0.0169554313312811
-0.0169565916265332
-0.0169577529110397
-0.0169589187427561
-0.0169600881996966
-0.0169612587466761
-0.0169624345633316
-0.016963611210595
-0.0169647910702712
-0.0169659734757262
-0.0169671607707819
-0.0169683489067015
-0.016969538943437
-0.0169707334440101
-0.0169719285428756
-0.0169731264257867
-0.0169743270823694
-0.0169755292129696
-0.0169767317213613
-0.0169779378202142
-0.0169791440371305
-0.01698035182633
-0.0169815629476231
-0.0169827739785209
-0.0169839876383333
-0.016985202551339
-0.0169864173269327
-0.0169876345719262
-0.0169888514899376
-0.0169900689789376
-0.0169912890351373
-0.0169925086009298
-0.0169937299486943
-0.0169949517277653
-0.0169961734306133
-0.0169973972547324
-0.0169986202007968
-0.0169998441546776
-0.0170010672270099
-0.0170022913213826
-0.0170035160176858
-0.0170047399403788
-0.0170059661968912
-0.0170071908037392
-0.0170084148513211
-0.0170096379727852
-0.0170108595330421
-0.0170120809155932
-0.0170133028791296
-0.0170145237470828
-0.0170157440648717
-0.0170169648735601
-0.0170181841630452
-0.0170194026001815
-0.0170206203547955
-0.0170218381724873
-0.0170230548959451
-0.0170242711748497
-0.017025486268245
-0.0170267005013151
-0.0170279141378364
-0.0170291263802743
-0.017030337275338
-0.017031546788351
-0.0170327549940818
-0.0170339619009003
-0.0170351673677105
-0.0170363715572502
-0.0170375741513846
-0.0170387751907344
-0.0170399745776657
-0.0170411723474509
-0.0170423684371344
-0.0170435624977356
-0.0170447550399939
-0.0170459457865819
-0.0170471346976866
-0.0170483215287794
-0.0170495067938307
-0.0170506903128486
-0.0170518718648781
-0.0170530507311944
-0.0170542280331183
-0.0170554026720603
-0.0170565749055141
-0.0170577463366432
-0.0170589144509922
-0.0170600801334533
-0.0170612447787373
-0.017062406516176
-0.0170635658003747
-0.0170647208338087
-0.0170658746028608
-0.0170670259221128
-0.0170681755611075
-0.0170693223870223
-0.0170704669317188
-0.0170716088611557
-0.0170727479757112
-0.0170738849665925
-0.017075018750611
-0.0170761504150092
-0.0170772787311413
-0.0170784049067391
-0.0170795278065242
-0.017080648547926
-0.0170817660939254
-0.0170828806152691
-0.0170839931537254
-0.0170851026277586
-0.0170862087878469
-0.0170873118723038
-0.0170884129104382
-0.0170895103744601
-0.0170906052595807
-0.0170916970668964
-0.0170927859521501
-0.0170938713623901
-0.0170949546255497
-0.0170960343382671
-0.0170971111492666
-0.0170981847946642
-0.017099255355273
-0.0171003224415517
-0.0171013868398865
-0.0171024476705651
-0.0171035055891785
-0.0171045600472341
-0.0171056122057204
-0.0171066610025017
-0.0171077073778747
-0.0171087499126604
-0.0171097892122391
-0.0171108252745712
-0.0171118574124228
-0.0171128872177844
-0.0171139128779557
-0.0171149360432579
-0.0171159555487802
-0.0171169721211451
-0.0171179852235716
-0.0171189953953312
-0.0171200015008704
-0.0171210052381605
-0.0171220052902614
-0.017123002353168
-0.0171239952687966
-0.0171249856305443
-0.0171259724577495
-0.0171269559346944
-0.0171279361917413
-0.0171289125803122
-0.0171298856626201
-0.0171308561337987
-0.0171318232312629
-0.0171327868201087
-0.0171337472798925
-0.017134704367649
-0.0171356578080928
-0.0171366074774413
-0.0171375540035608
-0.017138498175316
-0.0171394379595298
-0.0171403747312455
-0.017141309026518
-0.0171422392466806
-0.0171431656973107
-0.0171440888406177
-0.0171450091987304
-0.0171459255587873
-0.0171468397135494
-0.0171477499458498
-0.0171486562962264
-0.017149559502716
-0.0171504604054153
-0.0171513567864612
-0.0171522503152483
-0.0171531398589174
-0.0171540261047078
-0.0171549093664202
-0.0171557891982175
-0.0171566666705295
-0.0171575400136641
-0.0171584108226257
-0.0171592778894602
-0.0171601419446304
-0.0171610026028984
-0.0171618599711052
-0.0171627141984143
-0.0171635650087202
-0.0171644124952248
-0.0171652566792257
-0.0171660976253283
-0.0171669353874772
-0.017167769896796
-0.0171686010118792
-0.017169429042547
-0.0171702536894556
-0.0171710750117677
-0.0171718932405579
-0.0171727083964634
-0.0171735202775943
-0.0171743284360338
-0.0171751340155189
-0.0171759361679135
-0.017176735032404
-0.0171775308146437
-0.0171783232465932
-0.0171791122853731
-0.0171798980849483
-0.0171806812209828
-0.0171814611469383
-0.0171822513026185
-0.0171830192106903
-0.0171837862513505
-0.0171845507003514
-0.0171853144063104
-0.0171860752406594
-0.0171868333320934
-0.0171875884528053
-0.0171883406598206
-0.0171890895883316
-0.0171898359088685
-0.0171905790136949
-0.0171913192102093
-0.0171920564051912
-0.0171927886198705
-0.0171935202395572
-0.017194248616825
-0.017194971857383
-0.01719569482687
-0.0171964145504477
-0.0171971309025349
-0.0171978442673194
-0.0171985554947633
-0.0171992624095202
-0.0171999665845674
-0.0172006677259575
-0.0172013657120317
-0.017202060902882
-0.0172027535017394
-0.0172034428796678
-0.0172041299218145
-0.0172048134393891
-0.017205494916834
-0.017206173354397
-0.0172068490500369
-0.0172075217631367
-0.0172081916196113
-0.0172088576540496
-0.0172095223826419
-0.0172101841944186
-0.017210842960761
-0.0172114989628987
-0.0172121521128312
-0.0172128007403184
-0.0172134491305134
-0.0172140942829973
-0.0172147368547261
-0.0172153764846576
-0.0172160125924022
-0.0172166469145228
-0.0172172774143997
-0.0172179065869058
-0.0172185330586943
-0.0172191564408808
-0.0172197771624646
-0.0172203951607939
-0.0172210105215637
-0.0172216233908719
-0.0172222328725689
-0.0172228408006778
-0.017223445953569
-0.0172240484756388
-0.0172246483362376
-0.017225245665098
-0.0172258387415705
-0.0172264316759858
-0.0172270217482625
-0.0172276089803157
-0.0172281936119242
-0.0172287751116037
-0.0172293552118029
-0.0172299326248264
-0.0172305068318748
-0.0172310793555233
-0.0172316486410945
-0.0172322162654018
-0.0172327812977405
-0.017233343830684
-0.0172339038030324
-0.0172344613795974
-0.0172350167250609
-0.0172355695151168
-0.017236120365393
-0.0172366683948029
-0.0172372140479431
-0.0172377573138889
-0.0172382982398478
-0.0172388362479162
-0.0172393727727082
-0.0172399068628177
-0.0172404382752082
-0.0172409672243708
-0.0172414989184683
-0.017242021778852
-0.0172425431746051
-0.0172430627640204
-0.017243580379119
-0.0172440959232565
-0.0172446095808189
-0.0172451212956175
-0.0172456304206669
-0.0172461377076489
-0.0172466426987171
-0.0172471453169796
-0.017247646058399
-0.0172481449239441
-0.017248640901908
-0.017249134972186
-0.0172496261193213
-0.01725011624143
-0.0172506020497748
-0.0172510883610034
-0.0172515722311767
-0.0172520538554134
-0.0172525333133636
-0.017253011593601
-0.0172534866225931
-0.0172539594906052
-0.0172544305041636
-0.0172548995451843
-0.0172553662411026
-0.0172558312158823
-0.0172562942182496
-0.0172567550749899
-0.0172572141509977
-0.0172576711252529
-0.0172581220201924
-0.0172585766256166
-0.0172590282974192
-0.0172594780121037
-0.0172599256167743
-0.0172603706591468
-0.0172608141492857
-0.0172612555674573
-0.0172616949858323
-0.0172621319797859
-0.0172625677360239
-0.0172630015392847
-0.0172634335133094
-0.0172638625824225
-0.0172642913004524
-0.0172647179532242
-0.0172651426489672
-0.0172655652368558
-0.0172659859772181
-0.0172664050399031
-0.0172668211210614
-0.0172672370282634
-0.0172676509935865
-0.017268062927614
-0.0172684726089308
-0.0172688797222856
-0.0172692866906697
-0.0172696915698616
-0.0172700947601106
-0.0172704959933891
-0.0172708965927253
-0.0172712940478473
-0.0172716896432753
-0.0172720838361667
-0.0172724761365856
-0.017272867040723
-0.0172732560398228
-0.0172736435107051
-0.0172740238066305
-0.0172744098163173
-0.0172747935173373
-0.0172751743091824
-0.0172755540787524
-0.0172759309736392
-0.0172763076308151
-0.0172766823702147
-0.0172770546053429
-0.0172774259937352
-0.0172777956030792
-0.0172781633233459
-0.0172785295292069
-0.0172788940917966
-0.0172792571067977
-0.0172796184667136
-0.0172799773436062
-0.0172803363590786
-0.017280693488621
-0.0172810490305324
-0.0172814036534553
-0.0172817553897339
-0.0172821058488018
-0.0172824542010566
-0.017282802071983
-0.0172831483359502
-0.0172834931405915
-0.0172838364459271
-0.0172841780498858
-0.0172845179646771
-0.0172848568725194
-0.0172851939996357
-0.0172855299584183
-0.0172858644243501
-0.0172861974112786
-0.017286528947316
-0.0172868584808611
-0.0172871872737593
-0.0172875146252443
-0.0172878404425077
-0.0172881632988702
-0.0172884866891612
-0.0172888085570509
-0.0172891289384381
-0.0172894479583404
-0.0172897655484115
-0.0172900815220825
-0.0172903962347875
-0.0172907096325338
-0.0172910167668547
-0.0172913290778728
-0.0172916395448413
-0.0172919474959736
-0.0172922546895681
-0.0172925602522778
-0.0172928645688914
-0.0172931668138975
-0.0172934686276848
-0.0172937683610412
-0.0172940676217337
-0.0172943654892124
-0.0172946617113577
-0.0172949557635781
-0.0172952500684453
-0.0172955429444303
-0.017295834509772
-0.0172961242029907
-0.0172964120979318
-0.0172966999167726
-0.0172969862197657
-0.0172972676903737
-0.0172975529593167
-0.0172978365949557
-0.0172981186133862
-0.017298400759257
-0.0172986787746859
-0.0172989559552966
-0.0172992316723796
-0.0172995068879348
-0.0172997809882178
-0.0173000539176412
-0.0173003277056449
-0.0173005972052624
-0.0173008660481667
-0.0173011334333326
-0.0173014003711747
-0.0173016664457893
-0.0173019311428788
-0.0173021946394679
-0.017302457274546
-0.0173027184964826
-0.0173029796684202
-0.0173032383414398
-0.0173034960703101
-0.0173037524063529
-0.0173040075784867
-0.017304262360154
-0.0173045154232515
-0.017304768193649
-0.0173050197287471
-0.0173052701409175
-0.0173055194193698
-0.0173057675946627
-0.0173060147244124
-0.0173062607342752
-0.0173065055833141
-0.0173067494582459
-0.0173069922304829
-0.017307234072153
-0.0173074746601221
-0.0173077145782831
-0.0173079533291658
-0.0173081909108712
-0.0173084275430138
-0.0173086643639092
-0.017308898532031
-0.0173091319865214
-0.0173093640499313
-0.0173095952732586
-0.0173098255055077
-0.0173100550501728
-0.0173102835153394
-0.0173105111735224
-0.017310736213777
-0.0173109622980658
-0.0173111864133143
-0.0173114106069527
-0.0173116335854764
-0.0173118554723031
-0.017312078129479
-0.0173122975936874
-0.0173125163644936
-0.0173127338243725
-0.0173129502503463
-0.0173131664598561
-0.0173133815288969
-0.0173135955547247
-0.017313808739344
-0.017314020980692
-0.0173142322618956
-0.0173144426124389
-0.0173146518006282
-0.0173148602054616
-0.0173150676135264
-0.0173152742216027
-0.0173154801104714
-0.0173156839458744
-0.0173158884205202
-0.0173160915243729
-0.017316294145007
-0.0173164959744949
-0.0173166965936119
-0.0173168964922191
-0.0173170952776944
-0.0173172931893531
-0.0173174902715577
-0.0173176867459506
-0.0173178822478614
-0.017318074705945
-0.0173182690444425
-0.0173184625510026
-0.0173186547231159
-0.0173188460705543
-0.0173190364051733
-0.0173192259722778
-0.0173194145549427
-0.0173196021253304
-0.0173197889788878
-0.0173199751148612
-0.017320160687919
-0.0173203451545696
-0.0173205279835649
-0.017320711188134
-0.0173208936940708
-0.0173210752052713
-0.0173212555728721
-0.0173214358911333
-0.0173216149474863
-0.0173217933320549
-0.017321970518982
-0.017322147295385
-0.0173223233945453
-0.0173224983725242
-0.0173226742480458
-0.0173228473465586
-0.0173230197518112
-0.0173231915674112
-0.0173233597436254
-0.0173235308828429
-0.0173237012059609
-0.0173238703259543
-0.0173240386852205
-0.0173242060211284
-0.0173243726748342
-0.0173245380595337
-0.0173247033658225
-0.0173248679885868
-0.0173250319045106
-0.0173251949649709
-0.0173253559339654
-0.0173255178568349
-0.0173256790355015
-0.0173258383431355
-0.0173259980881018
-0.0173261569903641
-0.017326315109981
-0.0173264724320937
-0.0173266306527033
-0.0173267861152501
-0.0173269411721401
-0.0173270953140037
-0.0173272484397557
-0.017327401614209
-0.0173275535275135
-0.0173277053583295
-0.0173278567372744
-0.0173280071131645
-0.0173281568005689
-0.0173283051505701
-0.0173284531943175
-0.0173286013158547
-0.0173287482019878
-0.0173288943012793
-0.0173290396248212
-0.0173291848956754
-0.0173293287479841
-0.017329472169404
-0.017329615520711
-0.0173297578013788
-0.0173298990652057
-0.0173300403925892
-0.0173301803299561
-0.0173303202956461
-0.0173304589236688
-0.0173305976516462
-0.0173307350380256
-0.0173308724551803
-0.0173310088644356
-0.0173311443668174
-0.0173312799378501
-0.0173314141977391
-0.0173315484198826
-0.0173316816454415
-0.0173318138066095
-0.0173319466345969
-0.0173320783082171
-0.0173322089071927
-0.0173323390877531
-0.0173324677354118
-0.0173325971138707
-0.0173327258095033
-0.0173328537987544
-0.0173329795479641
-0.0173331066483833
-0.0173332331807661
-0.0173333585586509
-0.0173334831183195
-0.0173336074239371
-0.0173337305449713
-0.0173338533832059
-0.0173339763491112
-0.0173340979408348
-0.0173342196373424
-0.0173343400452615
-0.0173344601337689
-0.0173345801881965
-0.0173346988623481
-0.0173348176597236
-0.0173349351582591
-0.0173350528164736
-0.0173351692427587
-0.0173352856165947
-0.0173354014081233
-0.0173355158110475
-0.0173356304371659
-0.0173357439662264
-0.0173358577720202
-0.0173359704014501
-0.0173360830218502
-0.0173361942325219
-0.0173363056451531
-0.0173364161752209
-0.0173365263234399
-0.0173366360595783
-0.0173367445281764
-0.0173368532128284
-0.0173369611089614
-0.0173370691122912
-0.0173371755522528
-0.0173372818605711
-0.0173373874195966
-0.0173374930808419
-0.0173375982726905
-0.0173377019625549
-0.0173378058352926
-0.0173379090859721
-0.0173380123140825
-0.0173381153412276
-0.0173382180297839
-0.0173383198235268
-0.0173384199864876
-0.0173385201131897
-0.017338619903058
-0.0173387189294058
-0.0173388174496792
-0.0173389147665697
-0.0173390119294497
-0.0173391090762018
-0.0173392050496522
-0.0173393012201161
-0.0173393968270177
-0.0173394911966275
-0.0173395858103679
-0.0173396792936319
-0.017339772984604
-0.0173398655246054
-0.0173399582767089
-0.0173400498443273
-0.0173401415987887
-0.017340232682182
-0.0173403226936892
-0.0173404129365686
-0.0173405020514249
-0.0173405906342464
-0.0173406794561389
-0.0173407673270213
-0.0173408549737489
-0.0173409414408347
-0.0173410282860088
-0.0173411141055554
-0.0173412001477584
-0.0173412845282996
-0.0173413694300914
-0.0173414531251394
-0.0173415371871639
-0.0173416210908522
-0.0173417043998668
-0.0173417873960475
-0.0173418697734742
-0.0173419511701324
-0.0173420328391061
-0.0173421139166417
-0.0173421934781443
-0.0173422734144898
-0.0173423529321075
-0.0173424322344168
-0.0173425092779426
-0.0173425871815361
-0.0173426636910215
-0.0173427404230488
-0.0173428151353548
-0.0173428909495226
-0.0173429671711842
-0.0173430424115181
-0.0173431158050112
-0.0173431897927987
-0.0173432619978304
-0.0173433349693764
-0.017343407279825
-0.0173434796360293
-0.0173435523683876
-0.0173436244689836
-0.0173436953435936
-0.0173437663621077
-0.0173438372290396
-0.0173439068732713
-0.0173439762851228
-0.0173440459475042
-0.0173441143616545
-0.0173441830838075
-0.0173442511934712
-0.0173443182694201
-0.0173443852851159
-0.0173444517431904
-0.0173445180857203
-0.0173445836022405
-0.0173446491474579
-0.0173447134164654
-0.0173447782250975
-0.017344841835691
-0.0173449058146047
-0.0173449686198368
-0.0173450317829238
-0.0173450937475064
-0.0173451560813296
-0.0173452170108254
-0.0173452784665407
-0.0173453387833799
-0.017345399435891
-0.0173454583586196
-0.0173455180606499
-0.0173455769401685
-0.0173456360394061
-0.0173456945680117
-0.0173457520605379
-0.0173458096156715
-0.0173458661549555
-0.0173459230355169
-0.0173459789787041
-0.0173460351128659
-0.0173460904737252
-0.0173461460870423
-0.017346201149742
-0.0173462556442117
-0.0173463095497869
-0.0173463627186952
-0.0173464159962825
-0.0173464682317142
-0.0173465207925621
-0.0173465723815543
-0.0173466242028885
-0.0173466753381554
-0.0173467262165978
-0.0173467760027929
-0.0173468262043202
-0.0173468753819783
-0.0173469248423588
-0.017346973257563
-0.0173470219319307
-0.0173470695233534
-0.0173471174458308
-0.0173471647699171
-0.0173472117679229
-0.0173472576768328
-0.0173473039292109
-0.0173473490827861
-0.0173473948350157
-0.017347440258655
-0.017347484399925
-0.0173475284978391
-0.0173475724658044
-0.0173476154009601
-0.0173476581535184
-0.017347700725469
-0.0173477425269553
-0.0173477841455807
-0.0173478253812017
-0.0173478656984684
-0.0173479066768349
-0.0173479467241344
-0.0173479868502945
-0.0173480268114053
-0.0173480659574357
-0.0173481049287109
-0.0173481433859346
-0.0173481816185148
-0.0173482188399351
-0.0173482564330386
-0.0173482938161416
-0.017348330441205
-0.017348366793785
-0.0173484022170914
-0.0173484376325715
-0.0173484729394614
-0.0173485073833213
-0.0173485414795952
-0.0173485751103169
-0.0173486089251624
-0.0173486428733856
-0.0173486762008372
-0.0173487084286316
-0.0173487409632044
-0.0173487722834417
-0.0173488038554547
-0.0173488345244858
-0.0173488649996264
-0.0173488954868433
-0.0173489257853662
-0.0173489558477358
-0.0173489851446336
-0.0173490138463781
-0.0173490420105767
-0.0173490699620452
-0.0173490976755801
-0.0173491252172486
-0.0173491517689724
-0.0173491788627918
-0.0173492053807313
-0.0173492318056291
-0.0173492575995145
-0.017349282091673
-0.0173493073846452
-0.0173493323166734
-0.0173493556650403
-0.0173493796868287
-0.0173494035238897
-0.0173494269811279
-0.0173494491625679
-0.017349472086798
-0.0173494945118115
-0.0173495146463079
-0.0173495360875249
-0.0173495576281824
-0.0173495778355043
-0.0173495987397152
-0.0173496192782301
-0.017349639065652
-0.0173496594606199
-0.0173496789687754
-0.017349697991243
-0.0173497171813026
-0.0173497357483622
-0.0173497541484488
-0.0173497707520776
-0.017349788152297
-0.0173498053509202
-0.0173498217011318
-0.01734983784598
-0.017349854104974
-0.0173498698979358
-0.0173498828228347
-0.0173498976901655
-0.0173499121848712
-0.0173499262580172
-0.017349940211344
-0.0173499541077446
-0.0173499660266845
-0.0173499797110255
-0.0173499924968027
-0.0173500046021841
-0.01735001614033
-0.0173500274224142
-0.0173500376758868
-0.0173500483354498
-0.0173500587252839
-0.017350068564821
-0.0173500780890054
-0.0173500869082466
-0.0173500954573613
-0.0173501040906224
-0.0173501116243007
-0.0173501195648284
-0.0173501272092542
-0.0173501340807865
-0.0173501396539969
-0.0173501463793858
-0.0173501523347239
-0.017350158413095
-0.0173501632404089
-0.0173501686102691
-0.01735017286168
-0.017350177504813
-0.0173501812393175
-0.0173501850496565
-0.0173501887146939
-0.0173501911616513
-0.0173501943049709
-0.0173501967473079
-0.0173501988827918
-0.0173502006182694
-0.0173502019790282
-0.0173502031196088
-0.0173502030143401
-0.017350202561587
-0.0173502029012551
-0.0173502020468808
-0.0173502015664777
-0.0173502002443465
-0.01735019883801
-0.0173501974488969
-0.0173501951761264
-0.0173501933640417
-0.0173501903890681
-0.0173501874736904
-0.0173501849599069
-0.0173501815285078
-0.0173501774970153
-0.017350172864341
-0.017350167711569
-0.017350162963804
-0.0173501574176006
-0.0173501516835158
-0.0173501450181605
-0.0173501377134074
-0.0173501294186443
-0.0173501219662277
-0.0173501130298544
-0.0173501055612835
-0.0173500976238665
-0.017350087745696
-0.0173500790657053
-0.0173500695692279
-0.017350060034436
-0.0173500511996491
-0.0173500407696463
-0.0173500299287314
-0.0173500189235084
-0.0173500072873484
-0.0173499955601078
-0.0173499835608502
-0.0173499712757306
-0.0173499582807317
-0.0173499463599885
-0.0173499329687859
-0.0173499191574246
-0.0173499042789584
-0.0173498896583566
-0.0173498752979578
-0.0173498595654624
-0.0173498438132241
-0.0173498271904261
-0.0173498106304665
-0.0173497928906944
-0.0173497761980766
-0.0173497585855818
-0.0173497414369919
-0.0173497234394953
-0.0173497053079543
-0.0173496854932137
-0.0173496669556827
-0.0173496480222529
-0.0173496285399751
-0.0173496087766739
-0.0173495879943992
-0.0173495669053671
-0.017349545780268
-0.0173495243097571
-0.0173495024622339
-0.0173494803531035
-0.0173494578685843
-0.0173494340048792
-0.0173494111800427
-0.0173493879366399
-0.0173493644202464
-0.0173493402991437
-0.0173493156267541
-0.0173492907818445
-0.0173492641661639
-0.0173492390043035
-0.017349213446884
-0.0173491865019118
-0.01734915969874
-0.0173491319545633
-0.0173491046055869
-0.01734907649958
-0.0173490486452628
-0.0173490199383388
-0.0173489914009177
-0.0173489623920164
-0.0173489329754671
-0.0173489032604006
-0.0173488724844425
-0.017348841813322
-0.017348811123232
-0.0173487800809909
-0.0173487480306315
-0.0173487157657668
-0.0173486828560086
-0.017348649362831
-0.0173486160421747
-0.0173485813134914
-0.0173485477546306
-0.0173485138230304
-0.017348479431009
-0.0173484446758147
-0.017348409405446
-0.0173483740244454
-0.0173483373285446
-0.0173483007818606
-0.0173482632832109
-0.0173482262624998
-0.0173481882177413
-0.0173481506480829
-0.017348112402616
-0.0173480735124445
-0.0173480351059793
-0.0173479957643672
-0.0173479562245113
-0.0173479155378275
-0.0173478756413695
-0.0173478348402213
-0.0173477938601893
-0.0173477516728051
-0.0173477094922389
-0.0173476663210059
-0.0173476236904884
-0.0173475800619901
-0.0173475374610236
-0.0173474937507311
-0.0173474500200271
-0.0173474057952476
-0.017347360950733
-0.0173473156718827
-0.0173472695844918
-0.0173472230984198
-0.0173471764989028
-0.0173471288471545
-0.0173470812163996
-0.0173470324938703
-0.017346984511767
-0.017346935252728
-0.017346886798466
-0.0173468365940847
-0.0173467876281929
-0.0173467381560765
-0.0173466880387322
-0.0173466368542302
-0.0173465860161268
-0.0173465349750763
-0.0173464831209224
-0.0173464301313503
-0.0173463777141875
-0.0173463241347242
-0.0173462705892407
-0.0173462159727496
-0.0173461618645322
-0.0173461069919176
-0.0173460521570282
-0.0173459960599816
-0.0173459404712003
-0.0173458838055889
-0.0173458278498175
-0.0173457708781867
-0.0173457128999902
-0.017345655619791
-0.017345597619306
-0.0173455387781472
-0.0173454797998112
-0.0173454190985115
-0.017345359577399
-0.0173452994469853
-0.0173452388506361
-0.0173451779494436
-0.017345116439043
-0.0173450545856957
-0.0173449922435033
-0.017344929399629
-0.0173448669250705
-0.0173448029157314
-0.0173447379111235
-0.0173446734679257
-0.0173446087519457
-0.017344543398757
-0.0173444767758173
-0.0173444107543447
-0.0173443441506989
-0.0173442774571155
-0.0173442107504372
-0.017344142769668
-0.0173440746035642
-0.0173440058705715
-0.0173439362378274
-0.0173438669696748
-0.0173437968444466
-0.0173437249443373
-0.0173436538733133
-0.0173435824529135
-0.0173435107809195
-0.017343439689064
-0.0173433673062611
-0.0173432946606622
-0.0173432204758792
-0.0173431464706008
-0.0173430713967259
-0.0173429967249376
-0.0173429202122962
-0.0173428450183478
-0.0173427692065364
-0.0173426929266473
-0.0173426132070528
-0.0173425363251011
-0.0173424588197821
-0.0173423813333733
-0.0173423027343327
-0.0173422238816671
-0.0173421434857153
-0.0173420632830211
-0.0173419817959694
-0.0173419010860637
-0.0173418197794743
-0.0173417380631097
-0.017341654780149
-0.0173415721424982
-0.0173414891379909
-0.0173414070684189
-0.0173413228431806
-0.01734123839103
-0.0173411540910225
-0.0173410684756305
-0.0173409825795653
-0.0173408951295883
-0.0173408080990226
-0.0173407208041421
-0.0173406325472517
-0.0173405430949217
-0.0173404542987775
-0.017340364353196
-0.017340274960702
-0.0173401845635825
-0.0173400937246685
-0.0173400015509438
-0.0173399104792551
-0.0173398182388112
-0.0173397261290521
-0.0173396324113358
-0.0173395390321206
-0.0173394442277434
-0.0173393499874933
-0.0173392548047549
-0.0173391590982501
-0.0173390618449256
-0.0173389651476644
-0.017338867197737
-0.0173387695731652
-0.0173386706371979
-0.017338572011033
-0.017338472162171
-0.01733837248189
-0.0173382709885408
-0.0173381704754677
-0.0173380691681456
-0.0173379666853143
-0.017337862933853
-0.0173377601945208
-0.017337656829489
-0.017337552883499
-0.017337447374074
-0.0173373424576646
-0.0173372360425274
-0.0173371302229988
-0.0173370238212502
-0.0173369165648017
-0.0173368081578914
-0.0173367001938601
-0.0173365913164792
-0.017336482109901
-0.0173363725162067
-0.0173362614080673
-0.0173361507609248
-0.0173360386998923
-0.0173359270930039
-0.0173358140339485
-0.0173357013322623
-0.0173355868678281
-0.0173354731884986
-0.0173353587043502
-0.0173352436951198
-0.0173351256755987
-0.0173350096837671
-0.0173348932042535
-0.0173347749719007
-0.0173346576045251
-0.017334538812072
-0.0173344201371238
-0.017334300583705
-0.0173341803685783
-0.017334058586887
-0.0173339367275454
-0.0173338137541634
-0.0173336913248226
-0.0173335673985653
-0.0173334438422863
-0.0173333183985115
-0.0173331938289452
-0.017333068868966
-0.0173329424485064
-0.0173328154107399
-0.0173326878032736
-0.0173325589135052
-0.017332430334719
-0.0173323007258425
-0.0173321712687974
-0.017332040868646
-0.0173319110351698
-0.0173317791057204
-0.017331646815038
-0.0173315128807244
-0.0173313791596765
-0.0173312442293206
-0.0173311099634168
-0.0173309743228972
-0.017330838080578
-0.0173307011045167
-0.0173305643501668
-0.0173304259914358
-0.0173302871992802
-0.0173301484115564
-0.0173300087077257
-0.0173298680586319
-0.0173297267962235
-0.0173295852730928
-0.0173294425857036
-0.017329299260113
-0.0173291552388669
-0.0173290108216008
-0.0173288652545709
-0.0173287194464022
-0.017328573231996
-0.0173284249092841
-0.0173282775633321
-0.0173281295583788
-0.0173279803899394
-0.0173278308077632
-0.0173276803651188
-0.0173275294452083
-0.0173273778594857
-0.0173272251275487
-0.0173270701337801
-0.0173269165961511
-0.0173267623533029
-0.0173266062946594
-0.0173264505252346
-0.0173262939703374
-0.017326136739076
-0.0173259788799317
-0.0173258202136097
-0.0173256609817422
-0.0173254985923729
-0.0173253380766465
-0.0173251768980198
-0.0173250137944655
-0.0173248510259335
-0.0173246865016037
-0.0173245210148749
-0.0173243551765432
-0.0173241888327045
-0.0173240218939007
-0.017323852872074
-0.0173236848695694
-0.0173235161878114
-0.017323346824481
-0.0173231755603016
-0.0173230047070093
-0.0173228326257952
-0.0173226602839828
-0.0173224861362351
-0.0173223122927454
-0.0173221372700463
-0.017321961945897
-0.0173217857909268
-0.017321608456492
-0.0173214303803534
-0.0173212494178508
-0.0173210700810077
-0.0173208899828127
-0.0173207078802305
-0.0173205261004206
-0.017320343298451
-0.0173201598863582
-0.0173199749089123
-0.0173197893694882
-0.0173196037546346
-0.0173194168864265
-0.0173192295237102
-0.017319042116354
-0.0173188545837063
-0.017318664796163
-0.0173184738543887
-0.0173182810508336
-0.0173180887713388
-0.0173178945300924
-0.0173177004719688
-0.0173175048331278
-0.017317309008657
-0.0173171121915577
-0.0173169143099422
-0.0173167141489424
-0.0173165146584603
-0.0173163143566165
-0.0173161125303336
-0.0173159103220783
-0.017315706343347
-0.0173155024183429
-0.0173152975378404
-0.0173150918414953
-0.0173148854566081
-0.0173146777837213
-0.0173144683447062
-0.0173142591245738
-0.0173140484726948
-0.0173138374461488
-0.0173136252202594
-0.0173134121159782
-0.0173131964981191
-0.0173129818361197
-0.0173127655875682
-0.0173125487150685
-0.0173123308920912
-0.0173121090851286
-0.0173118898856228
-0.0173116697782073
-0.0173114474569067
-0.0173112252389154
-0.0173110012989191
-0.0173107774375538
-0.0173105522505745
-0.0173103261817989
-0.017310098278105
-0.0173098703886514
-0.0173096414237914
-0.0173094108031603
-0.0173091795833322
-0.0173089474977798
-0.0173087133049393
-0.0173084791892551
-0.0173082430950819
-0.0173080070560747
-0.0173077693611404
-0.0173075313299214
-0.017307291837204
-0.0173070516332639
-0.0173068094673268
-0.0173065673287355
-0.0173063231625704
-0.0173060783897365
-0.0173058334950823
-0.0173055870246659
-0.0173053384833992
-0.0173050899216365
-0.0173048393652442
-0.0173045888109826
-0.0173043368359597
-0.0173040833084846
-0.0173038289490034
-0.0173035742875547
-0.0173033175555333
-0.0173030597121459
-0.0173028006936696
-0.0173025408042595
-0.0173022794513321
-0.0173020173177137
-0.0173017544399826
-0.0173014892436379
-0.0173012240637705
-0.0173009569182627
-0.0173006895865936
-0.0173004209429974
-0.0173001509282319
-0.0172998787189054
-0.0172996064463717
-0.0172993322518345
-0.0172990571913184
-0.0172987815722122
-0.0172985029544149
-0.0172982249275059
-0.0172979447895106
-0.0172976642341122
-0.0172973805284372
-0.0172970976417628
-0.0172968134234228
-0.0172965273048884
-0.0172962396859442
-0.0172959519651144
-0.017295662131855
-0.0172953720068181
-0.0172950807000021
-0.0172947876733614
-0.0172944929108002
-0.0172941973180744
-0.0172938994969211
-0.0172936015901323
-0.0172933016552847
-0.0172930013126134
-0.0172926996284075
-0.0172923965091895
-0.0172920905171757
-0.0172917849231693
-0.0172914778753174
-0.0172911693195414
-0.0172908593149627
-0.0172905461458803
-0.0172902336043036
-0.0172899197960342
-0.0172896061875112
-0.0172892894906624
-0.017288975805216
-0.0172886565079102
-0.0172883357827129
-0.0172880124213755
-0.0172876887568437
-0.0172873637868925
-0.0172870371625082
-0.017286709186052
-0.0172863798356563
-0.0172860477713464
-0.0172857155522166
-0.0172853820682614
-0.0172850470563104
-0.0172847088609868
-0.017284370661017
-0.0172840307774664
-0.0172836895573596
-0.0172833436196359
-0.0172829999920444
-0.0172826549150084
-0.0172823071112518
-0.0172819590549852
-0.0172816086268165
-0.0172812577627805
-0.0172809051918085
-0.0172805509584414
-0.017280194356571
-0.0172798369540715
-0.0172794781954646
-0.0172791167982226
-0.0172787549768178
-0.0172783921641032
-0.0172780267623109
-0.0172776598208576
-0.0172772934714862
-0.01727692301233
-0.0172765512522003
-0.017276176877492
-0.0172758021325902
-0.0172754248816629
-0.0172750470821338
-0.017274666593937
-0.0172742855905104
-0.0172739013995673
-0.0172735171138523
-0.017273131036796
-0.0172727430604205
-0.0172723539956705
-0.0172719625686129
-0.0172715675194285
-0.0172711729412621
-0.0172707766930455
-0.017270379564118
-0.0172699798683772
-0.0172695783511134
-0.0172691739147248
-0.017268768951206
-0.017268361593544
-0.0172679522645413
-0.0172675422516615
-0.0172671291387762
-0.017266715560909
-0.0172662989341478
-0.0172658817557316
-0.0172654629787979
-0.0172650418664058
-0.0172646164883148
-0.0172641918939434
-0.0172637664230663
-0.0172633377388376
-0.017262906570135
-0.0172624744685106
-0.0172620379932273
-0.0172616022726113
-0.017261164486677
-0.0172607236546554
-0.0172602821459753
-0.0172598388826515
-0.0172593923665936
-0.0172589452578762
-0.0172584951519241
-0.0172580443392127
-0.0172575913262426
-0.0172571359823681
-0.0172566787044247
-0.0172562184829152
-0.0172557574786652
-0.0172552953863677
-0.0172548298594669
-0.0172543624383294
-0.0172538923263574
-0.0172534201659814
-0.0172529471261097
-0.0172524705968753
-0.0172519935314048
-0.0172515141653438
-0.0172510322570915
-0.0172505488995906
-0.0172500633263952
-0.0172495754827342
-0.0172490852363579
-0.0172485931060319
-0.0172480987994311
-0.0172476041703656
-0.0172471058822344
-0.0172466053403003
-0.0172461015273307
-0.0172455968603035
-0.0172450886701377
-0.017244579651177
-0.0172440674983234
-0.0172435539605532
-0.0172430366566246
-0.0172425187887078
-0.0172419985172816
-0.0172414758509426
-0.0172409507525216
-0.0172404238659811
-0.0172398950838704
-0.0172393632440627
-0.0172388290333392
-0.0172382927847976
-0.0172377538007202
-0.0172372133753662
-0.0172366699868817
-0.0172361254610846
-0.0172355776714043
-0.0172350262308542
-0.0172344738545761
-0.0172339182007081
-0.0172333610689631
-0.0172328013915981
-0.0172322390370978
-0.0172316743134529
-0.0172311060158398
-0.017230536706259
-0.0172299649062188
-0.0172293894089704
-0.0172288129438988
-0.0172282337038077
-0.017227652042322
-0.0172270676335925
-0.0172264809282267
-0.017225891602101
-0.0172252998849389
-0.0172247056106527
-0.0172241087531277
-0.0172235083863682
-0.0172229069049436
-0.017222301574601
-0.017221694988514
-0.0172210847763408
-0.0172204728409523
-0.0172198584580803
-0.0172192405759675
-0.0172186196838494
-0.0172179977949744
-0.0172173729862267
-0.0172167448999651
-0.0172161146763187
-0.017215481683662
-0.0172148459619379
-0.0172142073736117
-0.017213565986226
-0.0172129210538361
-0.0172122746595067
-0.0172116252191462
-0.017210973736499
-0.0172103183081156
-0.0172096614861673
-0.0172090006171542
-0.0172083376306735
-0.0172076725462062
-0.0172070026927338
-0.0172063321111669
-0.0172056585439882
-0.0172049799323559
-0.0172043008690663
-0.0172036178916168
-0.0172029327698513
-0.0172022426316492
-0.0172015521695094
-0.0172008586507548
-0.0172001611965202
-0.0171994622034691
-0.0171987595416921
-0.0171980544488577
-0.0171973468135908
-0.0171966358249824
-0.0171959214252275
-0.0171952051832921
-0.0171944856703474
-0.0171937620358572
-0.0171930370891005
-0.0171923077976602
-0.0171915770929369
-0.0171908427770905
-0.0171901058916275
-0.0171893645987418
-0.0171886221657153
-0.0171878762783069
-0.0171871262118593
-0.017186374394277
-0.0171856183510108
-0.017184860656182
-0.0171840986246057
-0.0171833349163622
-0.0171825668238622
-0.0171817970494714
-0.0171810228733553
-0.0171802469856909
-0.0171794672974755
-0.017178685270242
-0.0171778988173006
-0.0171771106062681
-0.0171763179550947
-0.0171755233889242
-0.0171747252003659
-0.0171739245166356
-0.0171731203047011
-0.0171723130951612
-0.0171715027934628
-0.0171706883664689
-0.01716987204902
-0.0171690512975837
-0.0171682288093582
-0.0171674011642898
-0.0171665727066391
-0.0171657406789783
-0.0171649051751263
-0.0171640665548741
-0.0171632247228533
-0.0171623796782256
-0.0171615302430013
-0.0171606792749861
-0.0171598243981023
-0.017158966828514
-0.0171581059269842
-0.017157240904492
-0.0171563740060492
-0.0171555027636873
-0.0171546296434335
-0.0171537520954869
-0.0171528726528507
-0.0171519896340686
-0.0171511034273467
-0.0171502127296124
-0.0171493203998662
-0.0171484225532135
-0.0171475237420865
-0.017146621655112
-0.0171457153097996
-0.0171448067105746
-0.0171438946917702
-0.0171429797969821
-0.0171420604880884
-0.017141139725878
-0.0171402151373414
-0.0171392877128642
-0.0171383560656252
-0.01713742140602
-0.0171364844280751
-0.0171355443892042
-0.0171346001648289
-0.0171336539720247
-0.0171327034393182
-0.017131750923437
-0.0171307940596292
-0.0171298352623885
-0.0171288721250993
-0.0171279070826496
-0.0171269379319944
-0.0171259662719725
-0.0171249915490276
-0.0171240135233751
-0.0171230325539692
-0.0171220484327649
-0.0171210611953661
-0.0171200698031498
-0.0171190761341364
-0.0171180793784371
-0.0171170789661589
-0.0171160766913334
-0.0171150703761879
-0.0171140622091451
-0.017113049882727
-0.0171120358018967
-0.0171110183882669
-0.0171099980964837
-0.0171089739715768
-0.0171079480735477
-0.0171069185508989
-0.0171058868647525
-0.0171048511863534
-0.0171038137323581
-0.0171027720697401
-0.017101729269377
-0.0171006831156848
-0.0170996334813019
-0.0170985819801931
-0.0170975267575426
-0.0170964695814602
-0.0170954090563924
-0.0170943461093406
-0.0170932805493107
-0.0170922117000548
-0.0170911410037881
-0.0170900667617519
-0.0170889908002802
-0.0170879116232592
-0.0170868303879814
-0.0170857462708199
-0.0170846598020493
-0.0170835707433332
-0.0170824792324667
-0.0170813851243143
-0.0170802888128255
-0.0170791897419691
-0.0170780885681636
-0.0170769849332017
-0.0170758790392709
-0.0170747707424314
-0.0170736608022025
-0.0170725481804439
-0.0170714338772168
-0.017070316855198
-0.0170691982710884
-0.0170680771144982
-0.0170669539537655
-0.0170658289448122
-0.0170647018705864
-0.0170635731193077
-0.0170624424197828
-0.0170613097473088
-0.0170601755506512
-0.0170590391721767
-0.0170579013142977
-0.0170567615589322
-0.0170556203431358
-0.0170544767993509
-0.0170533322168848
-0.0170521858255771
-0.0170510384119593
-0.0170498895257504
-0.0170487390331265
-0.017047587355447
-0.0170464352353831
-0.017045281157576
-0.0170441237776481
-0.0170429664855558
-0.0170418084706241
-0.0170406492082659
-0.0170394889510861
-0.0170383278574009
-0.0170371657914458
-0.0170360031602961
-0.0170348394696376
-0.0170336749179895
-0.0170325103472552
-0.0170313446815377
-0.0170301789215746
-0.0170290121127062
-0.0170278454227176
-0.0170266776650747
-0.0170255095624387
-0.0170243408746737
-0.0170231727813931
-0.017022003943029
-0.0170208352365029
-0.0170196660525947
-0.0170184968844384
-0.0170173278568376
-0.0170161592347426
-0.0170149903721815
-0.0170138220223045
-0.0170126539460023
-0.0170114873047133
-0.0170103206254012
-0.0170091539744872
-0.0170079878861157
-0.0170068221629996
-0.0170056583234536
-0.0170044943705862
-0.0170033324117146
-0.0170021704486717
-0.017001010366559
-0.0169998517157106
-0.0169986931977199
-0.0169975372335295
-0.0169963814811156
-0.0169952285676095
-0.0169940758915923
-0.0169929261208621
-0.0169917767072489
-0.0169906307129898
-0.0169894850436465
-0.0169883425556327
-0.016987200743945
-0.0169860624812047
-0.0169849249773465
-0.0169837912898724
-0.0169826584621008
-0.0169815296329049
-0.016980401816979
-0.0169792776863182
-0.0169781550545293
-0.0169770377613585
-0.0169759213045681
-0.016974809968509
-0.0169737005361297
-0.0169725946453791
-0.0169714928853106
-0.0169703942039666
-0.0169693022000434
-0.0169682101255669
-0.0169671232404254
-0.0169660376091343
-0.0169649564919366
-0.0169638788491713
-0.0169628075979179
-0.0169617378317105
-0.0169606741496621
-0.0169596137225061
-0.0169585567277675
-0.0169575072226189
-0.016956459565982
-0.0169554194445521
-0.0169543814270069
-0.0169533487682353
-0.0169523214859871
-0.0169513021642575
-0.0169502849543692
-0.016949275930803
-0.0169482691617974
-0.0169472710870566
-0.0169462754732553
-0.0169452890654671
-0.0169443051840226
-0.0169433279717764
-0.0169423570250389
-0.0169413930011251
-0.0169404343846552
-0.0169394859968794
-0.0169385402909961
-0.0169376029301543
-0.0169366712961327
-0.0169357470159725
-0.0169348293473711
-0.0169339189952035
-0.0169330155736268
-0.0169321194351311
-0.0169312313607606
-0.0169303495497703
-0.0169294785152469
-0.0169286108015132
-0.0169277545807491
-0.0169269019324806
-0.0169260613654728
-0.0169252245283919
-0.0169244001539558
-0.0169235796341376
-0.0169227718886978
-0.0169219681116819
-0.0169211773971451
-0.0169203907606118
-0.0169196166381642
-0.0169188492874203
-0.0169180896385045
-0.0169173421879125
-0.0169166015797331
-0.0169158699705804
-0.0169151489000262
-0.0169144360818609
-0.016913737449303
-0.0169130430160627
-0.0169123593880557
-0.0169116851029428
-0.0169110211535242
-0.0169103666445476
-0.0169097245859767
-0.0169090920862857
-0.0169084674348088
-0.0169078580329203
-0.0169072533355564
-0.0169066642714511
-0.0169060800511312
-0.0169055118743913
-0.0169049487435108
-0.0169044008342197
-0.0169038613101285
-0.0169033309326781
-0.0169028172945174
-0.0169023088424818
-0.0169018132725323
-0.0169013281975395
-0.0169008596084895
-0.0169003962848775
-0.0168999470761454
-0.0168995072215304
-0.0168990798669311
-0.0168986637562132
-0.0168982598524629
-0.0168978674766292
-0.0168974915586631
-0.0168971211387012
-0.0168967629656445
-0.0168964178267024
-0.0168960842948803
-0.0168957632563421
-0.0168954585966792
-0.0168951593007814
-0.0168948743068629
-0.0168945999911288
-0.0168943434686997
-0.0168940927748033
-0.0168938600059626
-0.0168936333613566
-0.0168934252459291
-0.0168932237553355
-0.0168930352693568
-0.0168928629148477
-0.01689269929672
-0.0168925528970073
-0.0168924119664181
-0.0168922849299955
-0.016892174641812
-0.0168920786995985
-0.0168919893746416
-0.016891915888286
-0.0168918515070139
-0.0168918056992102
-0.0168917664679161
-0.0168917423519365
-0.0168917284346783
-0.0168917283732682
-0.0168917416573506
-0.0168917725155334
-0.0168918098170406
-0.0168918602414979
-0.0168919291617681
-0.0168920038281279
-0.0168920971035705
-0.01689220135167
-0.0168923119539932
-0.0168924419466395
-0.0168925782352939
-0.0168927292064255
-0.0168928921440648
-0.0168930695815446
-0.0168932581782389
-0.0168934645826111
-0.0168936766456189
-0.0168939067122577
-0.0168941426000481
-0.0168943967653666
-0.0168946568611329
-0.0168949353583431
-0.0168952195492417
-0.0168955219792543
-0.0168958303516458
-0.0168961540950603
-0.0168964874951224
-0.016896834991771
-0.0168971934792894
-0.0168975689617359
-0.016897949843318
-0.0168983429057966
-0.0168987520508081
-0.0168991698079856
-0.0168995970317213
-0.0169000368432732
-0.0169004914239972
-0.0169009556371553
-0.0169014285762952
-0.0169019146217677
-0.0169024108979026
-0.0169029229329148
-0.0169034400162473
-0.0169039735736988
-0.01690451183307
-0.0169050622838443
-0.0169056237563874
-0.0169061966375323
-0.0169067819438794
-0.0169073769324344
-0.0169079808312114
-0.0169085998751223
-0.0169092234034017
-0.0169098619877564
-0.0169105051376983
-0.0169111634351968
-0.0169118263121014
-0.0169125042677992
-0.0169131865718038
-0.0169138836820075
-0.0169145852342614
-0.0169153015831563
-0.0169160220437221
-0.016916756567772
-0.0169174955234771
-0.0169182482009034
-0.0169190052959578
-0.0169197756045751
-0.0169205504745513
-0.0169213349224452
-0.0169221304845253
-0.0169229327970697
-0.0169237441691269
-0.0169245636973831
-0.0169253944361701
-0.0169262292175017
-0.0169270724407719
-0.0169279263805975
-0.016928785445507
-0.0169296547934517
-0.0169305295250378
-0.0169314108858215
-0.0169323040066743
-0.0169332002584733
-0.0169341075008413
-0.016935017891802
-0.0169359365781429
-0.0169368616749303
-0.0169377973318285
-0.016938735542682
-0.016939683855937
-0.0169406347745224
-0.0169415928981561
-0.0169425572333183
-0.0169435312467415
-0.0169445075544171
-0.0169454918850247
-0.0169464807743243
-0.0169474746407052
-0.0169484778100849
-0.0169494830480161
-0.0169504968515693
-0.0169515126909228
-0.0169525369505509
-0.0169535629050389
-0.0169545971615508
-0.0169556353495042
-0.0169566758404614
-0.0169577231944843
-0.0169587740321418
-0.0169598324636025
-0.016960892271774
-0.0169619591252107
-0.016963027383694
-0.0169641025521916
-0.0169651789862961
-0.0169662620611082
-0.0169673463693831
-0.0169684371774987
-0.0169695288490703
-0.0169706250924545
-0.016971724515609
-0.0169728297206329
-0.0169739357748045
-0.0169750470751385
-0.0169761591675079
-0.0169772750116753
-0.0169783933554799
-0.0169795165583828
-0.0169806405896514
-0.016981768601095
-0.0169828978499628
-0.0169840297437912
-0.0169851650934774
-0.0169863024110183
-0.0169874432560857
-0.0169885843016726
-0.0169897288178816
-0.0169908737464302
-0.0169920203724221
-0.0169931694327852
-0.0169943202848436
-0.0169954741397514
-0.0169966280313638
-0.0169977846092143
-0.0169989410585966
-0.0170000997581007
-0.0170012595793794
-0.0170024200392725
-0.017003581268914
-0.0170047451518358
-0.0170059088927303
-0.0170070730312029
-0.0170082389713754
-0.0170094049966191
-0.0170105712776155
-0.0170117389714693
-0.0170129063534803
-0.0170140756365251
-0.0170152437628605
-0.0170164118208218
-0.0170175807817105
-0.0170187497339398
-0.0170199192485142
-0.017021088195107
-0.0170222583883258
-0.0170234276082194
-0.0170245975725718
-0.0170257667441662
-0.0170269347603552
-0.0170281031328309
-0.0170292701681547
-0.0170304370607786
-0.0170316028140305
-0.0170327676765995
-0.0170339328601327
-0.0170350968075516
-0.0170362600304328
-0.017037422324226
-0.017038584150689
-0.0170397447258592
-0.0170409044701537
-0.0170420629772263
-0.017043220371105
-0.0170443765711713
-0.0170455320233961
-0.0170466860219236
-0.0170478386747657
-0.0170489899449034
-0.017050140109848
-0.0170512887544092
-0.0170524358890797
-0.0170535814582686
-0.0170547257349467
-0.0170558686741185
-0.0170570095264875
-0.0170581491592452
-0.0170592869341355
-0.0170604228015314
-0.0170615566447708
-0.017062688843725
-0.0170638191987437
-0.0170649476848786
-0.0170660741376098
-0.0170671985624056
-0.0170683209276278
-0.0170694411962168
-0.0170705594430315
-0.0170716761456454
-0.0170727902943589
-0.0170739019071097
-0.0170750124700471
-0.0170761203890507
-0.0170772262097493
-0.0170783293187249
-0.0170794304117364
-0.0170805288116579
-0.0170816246416076
-0.0170827183361284
-0.017083809067442
-0.0170848977458709
-0.01708598354966
-0.0170870672054396
-0.0170881478883891
-0.0170892264620537
-0.017090301963985
-0.0170913753850014
-0.0170924456626356
-0.0170935138074154
-0.017094578683792
-0.0170956414541391
-0.0170967017873012
-0.0170977590383725
-0.0170988131972065
-0.017099865090486
-0.0171009136559469
-0.0171019599058064
-0.0171030031826697
-0.0171040438339303
-0.0171050808460274
-0.0171061156253691
-0.0171071468262554
-0.0171081758131223
-0.0171092011653816
-0.0171102242814739
-0.017111244327848
-0.0171122614167693
-0.0171132750258075
-0.0171142863818511
-0.0171152938789145
-0.0171162991803642
-0.0171173009424723
-0.0171183002540333
-0.0171192967076337
-0.017120290070918
-0.0171212798686735
-0.0171222665693847
-0.017123250011156
-0.0171242304229219
-0.0171252074248664
-0.0171261822287826
-0.0171271530958436
-0.0171281217379602
-0.0171290863073646
-0.0171300481453795
-0.0171310070294741
-0.0171319627622026
-0.0171329149185768
-0.0171338648119661
-0.0171348110431477
-0.0171357538110444
-0.0171366930741735
-0.0171376301343279
-0.0171385641995946
-0.0171394943320759
-0.0171404221431692
-0.0171413455228519
-0.0171422668190105
-0.017143183978242
-0.0171440989582929
-0.0171450097081267
-0.0171459182044318
-0.0171468229628199
-0.0171477242303526
-0.0171486232905943
-0.0171495181196472
-0.0171504106980831
-0.0171512998641348
-0.0171521858196581
-0.0171530686923269
-0.0171539475879554
-0.0171548243536967
-0.0171556968500967
-0.0171565672267145
-0.0171574326102687
-0.0171582964313939
-0.0171591566927319
-0.0171600134649287
-0.017160866869026
-0.0171617181174333
-0.0171625656747289
-0.0171634108004862
-0.0171642516024672
-0.0171650900887603
-0.017165925431516
-0.0171667567754302
-0.0171675860249371
-0.0171684116045819
-0.017169233271317
-0.0171700530934539
-0.0171708687082418
-0.0171716822785193
-0.0171724927028582
-0.0171732990402439
-0.0171741033209012
-0.0171749031670236
-0.017175701207104
-0.0171764956085042
-0.0171772866168911
-0.0171780744410465
-0.0171788590594884
-0.0171796416500402
-0.0171804202762872
-0.0171811969240999
-0.0171819699285413
-0.0171827401585546
-0.0171835063743321
-0.0171842707509179
-0.0171850309073991
-0.0171857892282035
-0.0171865432929468
-0.0171872955986245
-0.0171880437358933
-0.0171887900305501
-0.0171895320554133
-0.0171902723915576
-0.0171910086201723
-0.0171917429632917
-0.0171924739482765
-0.0171932017548222
-0.0171939266141276
-0.0171946481357766
-0.0171953677356326
-0.0171960834895338
-0.0171967951842822
-0.0171975058481345
-0.0171982123080405
-0.0171989172263474
-0.0171996184160022
-0.01720031763994
-0.0172010141176362
-0.0172017067638992
-0.0172023974248011
-0.0172030854491913
-0.0172037704154069
-0.0172044525221771
-0.0172051318523746
-0.0172058074364506
-0.0172064814614525
-0.0172071509264332
-0.0172078192142247
-0.0172084837026827
-0.0172091469550389
-0.0172098072225596
-0.0172104641180442
-0.0172111177712093
-0.0172117689210855
-0.0172124184887771
-0.0172130640121114
-0.017213707218877
-0.0172143488143711
-0.0172149871497993
-0.0172156227876391
-0.0172162557642783
-0.0172168850319776
-0.0172175128619535
-0.0172181374831081
-0.0172187596795946
-0.0172193793951813
-0.0172199954699793
-0.0172206101927756
-0.0172212211352343
-0.0172218307114578
-0.0172224365822121
-0.0172230410711561
-0.0172236417250787
-0.0172242411063173
-0.0172248367864801
-0.0172254310771257
-0.0172260214523976
-0.0172266106777619
-0.017227196499234
-0.0172277805208837
-0.0172283616883994
-0.0172289401339399
-0.0172295158766099
-0.0172300896120841
-0.0172306624920587
-0.0172312324536289
-0.0172317993287867
-0.0172323629969188
-0.0172329254258975
-0.0172334842162139
-0.0172340418004365
-0.0172345962928919
-0.017235148496007
-0.0172356986287195
-0.0172362460348227
-0.0172367913473448
-0.0172373339513435
-0.0172378753664415
-0.0172384140623831
-0.0172389493835185
-0.0172394836460945
-0.0172400158700126
-0.0172405454509309
-0.0172410713086767
-0.0172415961249904
-0.0172421178439476
-0.0172426384843529
-0.0172431556713184
-0.0172436717890914
-0.0172441855138347
-0.0172446959614594
-0.0172452054761662
-0.0172457116510284
-0.0172462168547427
-0.0172467187178431
-0.0172472196066515
-0.0172477179899151
-0.0172482135632209
-0.0172487078365089
-0.0172492000388676
-0.0172496901200589
-0.0172501789361958
-0.0172506650688837
-0.0172511485811074
-0.0172516290947455
-0.017252108650008
-0.0172525855592963
-0.017253060787367
-0.01725353297749
-0.0172540043797444
-0.0172544728134723
-0.0172549396369409
-0.0172554048012288
-0.0172558666371784
-0.0172563278795525
-0.0172567858984408
-0.0172572432997618
-0.0172576983908085
-0.017258152622226
-0.0172586046804873
-0.0172590533719459
-0.0172595012811068
-0.0172599460415085
-0.0172603898883824
-0.0172608315051822
-0.0172612707404454
-0.0172617085503644
-0.0172621442207965
-0.0172625781323163
-0.0172630091763426
-0.0172634395763569
-0.0172638676895481
-0.0172642942801571
-0.0172647183959518
-0.0172651405894934
-0.0172655621095946
-0.0172659812666949
-0.0172663983349914
-0.0172668122186912
-0.0172672253519736
-0.0172676362173454
-0.017268046624076
-0.0172684544362213
-0.0172688616426094
-0.0172692664636163
-0.017269670131256
-0.017270072113884
-0.0172704722864759
-0.0172708699861271
-0.0172712650207051
-0.0172716602592764
-0.0172720521546638
-0.0172724437864816
-0.017272831817419
-0.0172732200454142
-0.017273605777111
-0.0172739905244105
-0.0172743737702705
-0.0172747553081233
-0.017275134632689
-0.0172755121431545
-0.017275888889299
-0.017276263717774
-0.0172766359389956
-0.0172770080351657
-0.0172773781376761
-0.0172777464424993
-0.0172781131210605
-0.0172784783193923
-0.0172788425367589
-0.0172792039602223
-0.017279564918537
-0.0172799232031136
-0.0172802810622301
-0.0172806362926038
-0.0172809911311628
-0.0172813440444149
-0.017281695445426
-0.0172820448111394
-0.0172823933451755
-0.0172827394188131
-0.0172830847827588
-0.0172834285931249
-0.0172837699095789
-0.017284111063187
-0.0172844506253785
-0.0172847885520933
-0.0172851253504287
-0.017285459942606
-0.017285793460786
-0.0172861247546608
-0.0172864558770486
-0.0172867844563534
-0.0172871129242796
-0.0172874387661933
-0.0172877642545448
-0.017288088236569
-0.0172884102711678
-0.0172887311445627
-0.0172890506678721
-0.01728936868126
-0.0172896851204157
-0.0172900004451287
-0.0172903135895116
-0.0172906265740754
-0.017290937498689
-0.0172912472059585
-0.017291555300257
-0.0172918628489599
-0.0172921689921554
-0.0172924729197674
-0.0172927767053656
-0.0172930781317855
-0.0172933793675034
-0.0172936782865813
-0.0172939768250037
-0.0172942735401543
-0.0172945692002192
-0.0172948636700049
-0.017295155926738
-0.0172954480844889
-0.0172957380851291
-0.017296027584589
-0.0172963158411316
-0.0172966018602061
-0.017296887130654
-0.0172971714340069
-0.0172974536461499
-0.0172977358570809
-0.0172980157848781
-0.0172982959757234
-0.0172985748646407
-0.0172988514114297
-0.0172991279353036
-0.0172994029156252
-0.0172996767354457
-0.0172999492114313
-0.0173002202901426
-0.0173004904050122
-0.017300758489023
-0.0173010265775364
-0.0173012925369596
-0.0173015584529758
-0.017301822929778
-0.0173020862972582
-0.0173023475904402
-0.0173026085371826
-0.0173028675745068
-0.017303126676149
-0.0173033836650094
-0.0173036406926518
-0.0173038955841234
-0.0173041504347115
-0.0173044031010943
-0.0173046558106457
-0.0173049069184744
-0.0173051571226027
-0.0173054059929458
-0.0173056538791161
-0.0173059001685714
-0.0173061465851381
-0.0173063908148023
-0.0173066348103279
-0.0173068774591621
-0.0173071191181614
-0.017307358745587
-0.0173075986468392
-0.0173078371864472
-0.0173080747305562
-0.0173083108648599
-0.0173085463080515
-0.0173087808155792
-0.0173090132799381
-0.0173092459071091
-0.0173094772370568
-0.0173097066778479
-0.017309936287633
-0.0173101640357701
-0.0173103918209372
-0.0173106176033123
-0.0173108434841769
-0.0173110682497007
-0.0173112917668666
-0.0173115142209693
-0.0173117363970183
-0.0173119563261897
-0.0173121759166688
-0.0173123933092846
-0.0173126115958731
-0.0173128286385272
-0.0173130437689527
-0.0173132590589896
-0.0173134724708224
-0.0173136860203651
-0.0173138979033602
-0.017314109614065
-0.0173143193064499
-0.0173145291887023
-0.0173147371754907
-0.0173149452447945
-0.0173151516547116
-0.0173153573005032
-0.0173155621817889
-0.017315765211821
-0.0173159687515505
-0.0173161703946846
-0.0173163722783116
-0.0173165720462732
-0.0173167724333331
-0.017316972371221
-0.0173171707508918
-0.0173173684358192
-0.0173175649467657
-0.0173177586365557
-0.0173179542890306
-0.0173181487043225
-0.0173183409174833
-0.0173185333211887
-0.0173187235794526
-0.017318914522805
-0.0173191043527147
-0.0173192922308284
-0.0173194803225758
-0.0173196668430878
-0.0173198526860432
-0.0173200387166469
-0.0173202230701105
-0.0173204066962219
-0.017320589663756
-0.0173207708492722
-0.0173209523433701
-0.0173211332444475
-0.0173213127365348
-0.0173214918745779
-0.0173216706178274
-0.0173218475308206
-0.01732202430346
-0.0173222003318421
-0.0173223752742415
-0.0173225494919555
-0.0173227228732498
-0.0173228952147441
-0.0173230657362092
-0.0173232380161463
-0.0173234091959717
-0.0173235781735063
-0.0173237477371898
-0.0173239162915334
-0.0173240835087794
-0.017324250421402
-0.017324416616945
-0.0173245811528084
-0.0173247459558086
-0.0173249099172135
-0.0173250728074194
-0.017325235142356
-0.0173253958252754
-0.0173255571043752
-0.0173257174276915
-0.0173258771095385
-0.0173260351683072
-0.0173261932291022
-0.0173263497838879
-0.0173265069591417
-0.0173266630326787
-0.0173268185425683
-0.0173269724441467
-0.0173271267025919
-0.0173272795292045
-0.0173274323585814
-0.0173275846488791
-0.0173277351782275
-0.0173278861202349
-0.0173280355778069
-0.0173281850017149
-0.0173283336730663
-0.0173284817198764
-0.017328629061723
-0.0173287748354402
-0.0173289212159354
-0.0173290669018814
-0.017329211198596
-0.0173293541292988
-0.0173294977753181
-0.0173296397742426
-0.0173297821631695
-0.0173299228880399
-0.0173300639105869
-0.0173302042160154
-0.0173303428434832
-0.0173304817113839
-0.0173306192986644
-0.0173307566186686
-0.0173308935589629
-0.0173310291793884
-0.0173311647082859
-0.0173312993133229
-0.0173314337324218
-0.0173315666664379
-0.0173317000148243
-0.0173318324970359
-0.0173319635268109
-0.0173320948036506
-0.017332225286139
-0.0173323554418082
-0.0173324847974195
-0.0173326136322165
-0.0173327416154094
-0.0173328693456453
-0.0173329957137219
-0.0173331221676256
-0.0173332484706803
-0.0173333731315384
-0.017333498047921
-0.0173336215906478
-0.0173337454012719
-0.0173338677266757
-0.0173339905259904
-0.0173341117779395
-0.0173342334437311
-0.017334353619269
-0.0173344739224397
-0.0173345933464001
-0.0173347111432547
-0.0173348294246145
-0.017334947029245
-0.0173350638285532
-0.0173351803825453
-0.0173352955083961
-0.0173354116309332
-0.0173355265668422
-0.0173356410304625
-0.0173357553981708
-0.017335868106793
-0.0173359815437586
-0.0173360933621791
-0.0173362056355406
-0.0173363163903948
-0.0173364272119688
-0.017336537271881
-0.0173366469310634
-0.0173367559114973
-0.0173368643130704
-0.017336971488628
-0.0173370787988613
-0.0173371857813948
-0.0173372919886176
-0.0173373977687885
-0.0173375023986836
-0.0173376072701754
-0.0173377114185311
-0.0173378152846917
-0.0173379178332023
-0.01733802067216
-0.0173381221143057
-0.0173382243471242
-0.0173383259642687
-0.0173384269621532
-0.0173385267607822
-0.0173386265913212
-0.0173387258281196
-0.01733882362899
-0.0173389218803347
-0.0173390192074858
-0.0173391163098085
-0.0173392129317039
-0.0173393080856181
-0.0173394038021029
-0.0173394981656674
-0.0173395932965938
-0.0173396874539794
-0.0173397813099933
-0.0173398744399211
-0.017339967088541
-0.0173400583879195
-0.0173401503296188
-0.0173402413012105
-0.0173403321356673
-0.0173404224531862
-0.0173405114885502
-0.017340600246551
-0.0173406889048384
-0.0173407776132481
-0.0173408647761109
-0.0173409522987402
-0.0173410386725311
-0.0173411253271835
-0.0173412112127827
-0.017341296704903
-0.0173413818325328
-0.0173414652909016
-0.0173415499333235
-0.0173416335840912
-0.0173417161725955
-0.0173417988169969
-0.0173418810849452
-0.0173419628281444
-0.0173420436443354
-0.01734212454881
-0.0173422050205805
-0.0173422848379509
-0.0173423638543346
-0.0173424429286001
-0.0173425220749049
-0.0173426000001515
-0.0173426783306968
-0.017342754910511
-0.0173428325695813
-0.017342909521868
-0.017342984127239
-0.0173430609029353
-0.0173431368518043
-0.0173432111852368
-0.0173432855775883
-0.0173433594527738
-0.0173434323408979
-0.0173435050890249
-0.0173435774675986
-0.0173436492244144
-0.0173437208878848
-0.0173437914950996
-0.0173438619409602
-0.0173439312939311
-0.0173440009145075
-0.0173440698447068
-0.0173441382357445
-0.0173442073381899
-0.017344275481204
-0.0173443434198003
-0.017344410268533
-0.0173444763549886
-0.0173445435015601
-0.0173446100453322
-0.0173446756570583
-0.0173447412727765
-0.0173448053191008
-0.0173448694542573
-0.0173449328532187
-0.0173449961323586
-0.0173450594105938
-0.0173451210141948
-0.017345183743434
-0.0173452459821503
-0.0173453078520046
-0.0173453692560066
-0.0173454296553664
-0.0173454900666479
-0.0173455498222424
-0.01734560906353
-0.0173456676796431
-0.0173457261292217
-0.0173457834010726
-0.0173458415670058
-0.0173458985167681
-0.0173459557771579
-0.0173460118720131
-0.0173460682096334
-0.0173461236398494
-0.017346179145354
-0.0173462343512849
-0.0173462888732864
-0.0173463430694932
-0.0173463968832985
-0.0173464498451161
-0.0173465028504239
-0.0173465558119243
-0.0173466097942009
-0.0173466607301526
-0.017346711828089
-0.0173467624114028
-0.0173468123620557
-0.0173468627113532
