0.959931088596881
0.94841834340637
0.94399804627283
0.946771227917839
0.948230240099212
0.946462199918154
0.946602066636866
0.945019010114554
0.943324412401851
0.941656396795945
0.94012849462465
0.938412678464264
0.937099841453439
0.935377453729248
0.934386074785055
0.933104553236591
0.9323347066374
0.931696403485641
0.931260777005166
0.931077427076838
0.931022573533635
0.93109195359484
0.931239997589347
0.931440724333416
0.931674881427776
0.93192941237569
0.932198272287265
0.932475997165457
0.932758138788539
0.933040983144092
0.933321523136474
0.933597113422356
0.933865771247819
0.93412596725603
0.934377079321073
0.934617665736447
0.934847173092391
0.93506366952075
0.935269580969719
0.935464407159151
0.935647426803984
0.935821177676551
0.935984263141894
0.93613759003824
0.936281877195197
0.936416665401318
0.93654362911595
0.936662533636421
0.936774336864294
0.93687869435714
0.936976707567399
0.937068655915953
0.93715546245542
0.937236860989441
0.937313901547955
0.937386539201224
0.937455483783609
0.937520623459435
0.937582397854669
0.937641223572209
0.937697304515107
0.937750767366275
0.937801919040813
0.937851038586718
0.937898347767199
0.93794406635132
0.937988260547574
0.938031133792522
0.938072768952536
0.938113318791295
0.938152852251239
0.938191602351224
0.938229656452659
0.93826703102228
0.93830378463255
0.938340077204218
0.938375961397365
0.938411495686558
0.93844673177487
0.938481710253225
0.938516510598985
0.938551117449234
0.938585584846767
0.938620004880162
0.938654378664505
0.938688715459721
0.938723029022835
0.938757352901468
0.938791774997861
0.938826293579267
0.938860845360916
0.938895466221976
0.938930131338281
0.938964913378062
0.938999827102024
0.939034891037063
0.939070042850977
0.939105364415868
0.939140838853676
0.939176466420392
0.93921225768544
0.939248189587449
0.939284267341894
0.939320501616214
0.939356904497112
0.939393364892685
0.939430053016561
0.939466904982853
0.939503926310735
0.939541115567594
0.939578473132649
0.939615968536273
0.939653620901062
0.939691415201367
0.939729321000056
0.939767377963348
0.939805548565899
0.939843828593362
0.939882293470413
0.939920934147716
0.939959689540509
0.93999854819113
0.940037514160252
0.940076596380054
0.940115921578982
0.940155313553717
0.940194766164495
0.940234391552144
0.94027407891159
0.940313857384898
0.940353763358083
0.940393782257768
0.940433866418004
0.940474040455429
0.940514309219847
0.940554626956788
0.940595036137063
0.940635507277885
0.940676071614144
0.940716730294295
0.940757494534563
0.940798315065765
0.94083919376097
0.940880118606769
0.940921101367113
0.940962125054686
0.94100317665291
0.941044296665587
0.941085465291711
0.941126646128968
0.941167969842152
0.94120928111907
0.941250594769783
0.941292013728867
0.941333415440191
0.941374830229544
0.941416310146112
0.941457780816236
0.941499271618308
0.941540766995424
0.941582217828746
0.941623756243094
0.941665293851572
0.941706815039365
0.941748372394415
0.941789945497321
0.941831480294216
0.941873030710789
0.941914608191665
0.9419561465364
0.941997667134544
0.942039165843865
0.942080640169213
0.942122083873345
0.942163482756913
0.942204865198638
0.94224627470504
0.942287656207561
0.942328980571846
0.94237030985766
0.942411612345164
0.942452872629001
0.942494105449507
0.942535301640564
0.942576435452366
0.942617515636804
0.942658550189689
0.942699539849219
0.942740522574793
0.942781465347265
0.942822332993927
0.942863112034056
0.942903853802646
0.942944549554942
0.942985187454358
0.9430257875017
0.94306633092204
0.943106805270628
0.943147196162924
0.943187545080501
0.943227802094649
0.94326798719169
0.943308108455353
0.943348158320201
0.943388180909432
0.943428130979099
0.943467988803292
0.94350775934427
0.94354744902468
0.943587062982048
0.943626578240027
0.943666024340595
0.94370540555626
0.943744735408111
0.943783976635156
0.94382309903963
0.943862148986793
0.943901097973253
0.943939942524541
0.94397871665967
0.944017412292088
0.944056010549325
0.944094504768932
0.944132924832794
0.944171256567437
0.944209500089428
0.944247607270584
0.944285638023134
0.944323589140292
0.944361457223981
0.944399236820877
0.944436890263557
0.944474454189778
0.944511904337224
0.944549246107464
0.944586494064331
0.944623649263596
0.944660696468081
0.944697628106218
0.944734466720698
0.94477124551468
0.944807894182681
0.944844416212215
0.944880832622082
0.94491715214343
0.944953349612844
0.944989449422664
0.945025448549232
0.945061329298415
0.945097112096857
0.94513279283028
0.945168362695233
0.945203821958588
0.94523917051798
0.945274408105889
0.945309533518475
0.94534454671596
0.945379447781378
0.945414236533803
0.9454489131404
0.945483477055883
0.945517928750085
0.945552267787802
0.945586493263123
0.945620605806804
0.945654604784773
0.945688490415301
0.945722262353856
0.945755920636543
0.945789465027004
0.945822895377622
0.9458562116015
0.945889413992405
0.945922501370615
0.945955474897681
0.945988333055558
0.946021077406846
0.946053706017273
0.94608622104821
0.946118620004474
0.946150905591577
0.946183074782259
0.946215128396359
0.946247067166819
0.946278891765828
0.946310601065924
0.946342196122424
0.946373675524266
0.946405040772994
0.946436290287491
0.946467425903208
0.946498445675415
0.946529349466304
0.946560139050636
0.946590813221452
0.946621374699701
0.946651819834261
0.946682153817797
0.946712369931012
0.946742476985813
0.946772463657128
0.946802345045931
0.946832100839045
0.946861759886601
0.946891279601691
0.946920726985357
0.94694998927173
0.946979239845697
0.947008323940967
0.94703731403835
0.947066161019765
0.947094894683298
0.947123532719836
0.947152056257604
0.947180379808352
0.94720870731048
0.947236897431408
0.947265020436567
0.947292985141288
0.947320823208715
0.947348567595
0.947376146811055
0.947403695549853
0.947431104080004
0.947458544504903
0.947485618560042
0.947512666566864
0.947539623896098
0.947566518254054
0.947593288367536
0.947619994870197
0.947646519844205
0.947673029614188
0.947699254434737
0.94772543855183
0.947751562681511
0.947777549708351
0.947803469326091
0.94782923656302
0.947854970865329
0.947880566898165
0.947906061243721
0.94793145593704
0.947956718525459
0.947981948638785
0.948006891388742
0.948031827990239
0.948056690297719
0.948081419538613
0.948106066549419
0.9481306292228
0.948155087224263
0.948179443538254
0.948203691701281
0.94822783132245
0.948251864274652
0.94827580202316
0.948299647826365
0.948323384162363
0.94834701241451
0.948370549568561
0.948393990780875
0.948417333789092
0.948440578602031
0.948463726481972
0.948486776794611
0.948509729269374
0.948532584206907
0.948555342188919
0.948578003482669
0.948600568570876
0.948623037787302
0.948645411659419
0.948667690469233
0.948689874690228
0.948711964570354
0.948733960575892
0.948755862937277
0.948777672121185
0.948799388345101
0.948821012087289
0.948842543550657
0.948863983230161
0.948885331305021
0.948906588296388
0.948927754345958
0.948948830020133
0.948969815396803
0.948990711126025
0.949011517167632
0.94903223433772
0.949052862354704
0.949073402393946
0.949093853613841
0.949114214580534
0.949134485891261
0.949154670469978
0.949174768367558
0.949194779395796
0.949214704405052
0.949234544429068
0.949254299303863
0.949273969428226
0.949293554874398
0.949313056297981
0.949332473601883
0.949351807453647
0.949371057801541
0.949390225413059
0.94940931016176
0.949428312862264
0.949447233321962
0.949466072422235
0.949484829875688
0.949503506648794
0.949522102338982
0.949540618043611
0.949559053196613
0.949577409098777
0.949595684922001
0.949613882315287
0.949631999979997
0.94965004022729
0.949668000805455
0.94968588544982
0.949703689717843
0.949721420850697
0.949739068615627
0.949756650223787
0.949774137692205
0.949791581253297
0.949808889400553
0.94982620111885
0.9498433886061
0.949860535842674
0.949877561218262
0.94989454803052
0.949911437874934
0.949928261813599
0.949944990160758
0.94996165790073
0.949978225502714
0.949994767333817
0.950011214756324
0.950027604743141
0.950043836339593
0.950060083777463
0.950076263731227
0.950092396201636
0.950108439716563
0.950124414988171
0.950140336924576
0.950156177025639
0.950171941805907
0.950187637732583
0.950203271861242
0.950218834441186
0.950234331838991
0.950249761751716
0.950265130229651
0.950280428292829
0.95029567221832
0.950310838074436
0.950325930801822
0.950340930216905
0.950355886009549
0.950370784181723
0.95038562112701
0.950400374888432
0.950415079532991
0.950429742480265
0.950444267148266
0.950458749833617
0.950473189579679
0.950487585424917
0.950501898304689
0.950516164919993
0.950530376244966
0.950544522488542
0.950558601496185
0.950572627719281
0.950586592478232
0.950600484199245
0.95061432807802
0.950628105703541
0.950641817035549
0.950655465785909
0.950669058166407
0.950682594984365
0.95069607442517
0.950709495275062
0.950722861783397
0.950736165894757
0.950749411609747
0.950762604381852
0.950775734123785
0.950788796520097
0.950801810403263
0.950814781192131
0.950827681335932
0.95084051941317
0.950853307151955
0.950866047769731
0.950878735300583
0.950891340832099
0.950903924049169
0.9509163579733
0.950928890642773
0.950941305124428
0.950953658899508
0.950966016229963
0.950978243614472
0.95099040990708
0.951002604423002
0.951014711124236
0.951026690315036
0.951038664342682
0.951050607323476
0.951062442572073
0.951074295015934
0.951086059835145
0.951097878375147
0.951109551849527
0.951120963471853
0.951132638220682
0.951144201525887
0.951155724115231
0.951167255948696
0.951178608134126
0.95118986711206
0.951201171903132
0.951212364354713
0.951223591761847
0.951234600663431
0.951245767601985
0.951256792614229
0.951267771585729
0.951278771695482
0.951289684090825
0.951300522363161
0.951311341720961
0.951322121096759
0.951332808492774
0.951343377878897
0.951354053599607
0.951364661234765
0.951375183113569
0.951385648025498
0.951396120977891
0.951406494090537
0.951416853983368
0.95142716429897
0.951437416267201
0.951447592220866
0.951457801492425
0.951467849579185
0.951477992641277
0.951488001634144
0.951498040809623
0.951508067131482
0.951517983024233
0.951527840298438
0.951537644367307
0.951547406626796
0.951557009852895
0.951566791045447
0.951576494512967
0.951585939394432
0.951595626178817
0.95160521962657
0.95161471964136
0.951624175191113
0.951633741341998
0.951643035793155
0.95165230306044
0.951661834018083
0.951670963253992
0.951680123603411
0.951689318145055
0.951698389641569
0.951707473307392
0.951716559900521
0.951725576429041
0.951734549989521
0.951743098590863
0.951752158336399
0.951761114184893
0.951770038579652
0.951778899490834
0.951787646096823
0.951796346405401
0.951804988681208
0.951813588566914
0.95182219973443
0.951830764028156
0.951839325249457
0.951847879920807
0.951856228183549
0.951864647341495
0.951873038837266
0.951881374349026
0.951889624363386
0.95189795223328
0.951906207842456
0.951914383800303
0.951922572801231
0.95193062735583
0.951938780624007
0.951946766771569
0.951954832228817
0.951962804823183
0.951970807037957
0.95197872451705
0.951986615128899
0.951994506953158
0.952002318315681
0.95201009916512
0.952017722674882
0.952025507948719
0.952033191160695
0.952040885634126
0.952048500084705
0.952056100244614
0.952063656772559
0.952071200634359
0.952078873456974
0.952086248142227
0.952093631900997
0.952100961174518
0.952108322703861
0.952115678489733
0.952122981198991
0.952130254247126
0.952137481097253
0.952144639611571
0.952151842964773
0.952159025907575
0.952166017421603
0.952173158523738
0.952180220493357
0.952187258498245
0.952194264659728
0.952201206763251
0.952207989787604
0.952214959691746
0.952221845544216
0.952228715627682
0.952235448271122
0.952242278678351
0.952249030783917
0.952255804622275
0.952262521581791
0.952269193811052
0.952275808211306
0.952282378782724
0.952288980186059
0.952295304488789
0.952301944977813
0.952308459194719
0.952314999012375
0.952321467732372
0.952327827189262
0.952334216159351
0.952340629608029
0.952346937433053
0.95235320320179
0.952359248566128
0.952365632457212
0.952371868936825
0.952378112938335
0.952384140160262
0.952390278412684
0.9523964393404
0.952402570398362
0.952408704193673
0.952414752877788
0.952420733890433
0.952426705604981
0.952432645992394
0.95243850116224
0.952444357443732
0.952450282860287
0.952456132845482
0.952461896868494
0.952467696831139
0.952473525984514
0.952479253483852
0.952484970309207
0.952490675815897
0.952496299172917
0.952501929916059
0.952507739900459
0.952513224285419
0.952518742722105
0.952524769052467
0.952530037469838
0.952535418963555
0.952540811006276
0.952546168756373
0.952551582555037
0.952557010685986
0.952562392937601
0.952567776842714
0.952573053645567
0.95257836419292
0.952583649176957
0.952588854077141
0.952594073816753
0.952599297252878
0.952604451145077
0.952609612636354
0.952614759858386
0.952619831169233
0.952624928179255
0.952630039942062
0.952635080809934
0.952640007594421
0.95264512322412
0.952650129174006
0.952655067325359
0.952659954609572
0.952664803084001
0.952669680997601
0.952674564476852
0.952679391605896
0.952684161261963
0.952689062002011
0.9526938411729
0.952698593181308
0.952703369028578
0.952707996164282
0.952712658680201
0.952717345261882
0.952721990629809
0.952726595845345
0.95273123782257
0.952735838221535
0.952740383701005
0.952744756432437
0.952749459561272
0.952753945900401
0.952758373393488
0.952762830890269
0.95276726676616
0.952771683853695
0.952776042597365
0.95278042161038
0.952784731349629
0.952789050182511
0.952793452815449
0.952797813265999
0.952801991622687
0.952806226224918
0.952810549890687
0.952814720975892
0.952818903249011
0.95282307662039
0.952827235952137
0.95283134481173
0.952835438756649
0.952839592020518
0.952843588910571
0.952847673407642
0.952851732356077
0.952855741326563
0.952859722759633
0.952863699187992
0.952867651950711
0.952871593458236
0.952875493016652
0.952879404702475
0.952883289592089
0.952887132040462
0.952891008340637
0.952894813407239
0.952898681472386
0.952902430201262
0.95290620937929
0.952909938115706
0.952913629632833
0.952917342128387
0.952921067735436
0.952924738469929
0.952928470822887
0.952932058232264
0.952935568748621
0.952939144129581
0.952942783725753
0.952946264261355
0.952949837083316
0.952953428687513
0.952956948765975
0.952960504689663
0.952963991935312
0.95296740060576
0.952970854144525
0.952974556714298
0.952977807250921
0.952981122088809
0.952984466858741
0.952987785936184
0.952991115775419
0.952994438513748
0.952997702761323
0.953001047339435
0.953004358870328
0.953007582504499
0.9530106416289
0.953013970294841
0.953017156587061
0.953020377455539
0.9530236110282
0.953026705094745
0.953029141261616
0.953032548835785
0.953035751209676
0.953038840740085
0.953042024967986
0.953045095498066
0.953048243223086
0.953051378256178
0.953054334674343
0.953057296687505
0.953060293035905
0.953063224142951
0.953066138966691
0.953069055793405
0.95307193553917
0.953074838064533
0.953077725253562
0.953080571521951
0.953083438677601
0.953086278736319
0.953089101128428
0.953091888775514
0.953094675010187
0.953097439574079
0.953100191388142
0.953102918995162
0.953105635043103
0.95310832958625
0.953111037410212
0.95311368318552
0.953116320317924
0.953118952276778
0.953121592983969
0.953124187128406
0.953126744898027
0.953129312068906
0.953131890234522
0.95313442842632
0.953136959131444
0.953139495738876
0.953141999755965
0.953144510548431
0.953146900102143
0.953149383485832
0.953151841269321
0.953154409855143
0.953156771865141
0.953159166504812
0.953161526668889
0.953163799823059
0.953166160125914
0.95316847218763
0.953170812424449
0.95317310665569
0.953175653205132
0.953177859980838
0.953180052911744
0.953182206405716
0.953184462421529
0.953186633371095
0.953188835028006
0.953191061190438
0.953193130939099
0.953195332287101
0.953197501551719
0.953199983723782
0.953202021216868
0.953204027842293
0.953206037209513
0.953208112017884
0.953210214650681
0.953212231910688
0.953214249968625
0.953216339098802
0.953218324474741
0.953220296781412
0.953222362052446
0.953224239540169
0.95322612886224
0.953228102465626
0.953229987354864
0.953231868062052
0.953233824002706
0.953235698110713
0.953237543878613
0.953239447033634
0.953241250254738
0.953243060662016
0.953244865727799
0.953246675731299
0.953248522798469
0.953250251478314
0.953251981778111
0.95325377391183
0.953255533697432
0.953257208228021
0.953258916717392
0.953260570299905
0.953262243284159
0.953263937330768
0.953265633793057
0.95326723528048
0.953268849185341
0.953270580990682
0.953272116719439
0.953273686013481
0.95327530594162
0.953276864103765
0.953278327259
0.95327993464378
0.953281504951669
0.953283028682325
0.953284419165389
0.953285966909536
0.95328748280871
0.953288932546425
0.953290251386904
0.953291718141907
0.953293182243714
0.953294632864728
0.953295884863864
0.953297327571306
0.953298762597442
0.953300030318851
0.953301321670659
0.953302730429013
0.953304055969468
0.953305309008037
0.95330657785579
0.953307971155858
0.953309170987037
0.953310475758779
0.953311690584024
0.953312890566736
0.953314091258172
0.95331519267088
0.953316427351779
0.953317729806894
0.953318878312603
0.953319903270914
0.953321068655581
0.953322276633849
0.953323349531585
0.953324369554922
0.953325627068946
0.953326659653495
0.953327754178721
0.95332872917307
0.953329681133373
0.953330754328021
0.953331909084487
0.95333286528396
0.953333740782142
0.953334764974051
0.953335821293538
0.953336835513481
0.953337629943727
0.953338527526416
0.953339507553676
0.953340450431038
0.953341249662987
0.953342167802133
0.95334307739157
0.953343906965414
0.953344725310111
0.953345593503912
0.9533464202724
0.953347200452211
0.953348035405662
0.953348776822949
0.953349506344983
0.953350331938473
0.953351076556065
0.953351785208734
0.953352515201179
0.953353042251622
0.953353819224142
0.953354568491378
0.953355234711841
0.95335596649044
0.953356577494147
0.953357220133306
0.953357828130865
0.953358427756605
0.953359050885442
0.953359654224207
0.953360247539365
0.953360807148418
0.953361314935562
0.953361858264824
0.953362448313249
0.953362955892783
0.95336344225407
0.953363953565169
0.953364461515305
0.953364895004711
0.953365197781355
0.953365754155632
0.953366232036399
0.953366677008749
0.953367159287646
0.953367519894995
0.953367907751625
0.95336826927514
0.953368530892844
0.953368923340503
0.953369289302339
0.953369599434511
0.953369912004027
0.953370204092113
0.953370531036064
0.953370847464735
0.953371094602417
0.953371411759756
0.95337166152828
0.953371905243045
0.95337208102572
0.95337227521873
0.953372491689936
0.953372696401302
0.953372867970379
0.953373110656605
0.953373199917267
0.95337335478547
0.953373421490203
0.953373548954829
0.953373700428761
0.953373810679365
0.953373848715357
0.953373892547949
0.953373973300503
0.953374084087506
0.953374107327157
0.95337407242326
0.953374069554265
0.953374082845902
0.953374059865465
0.953374032231637
0.953374084991546
0.953373998946964
0.953373918690285
0.953373890614314
0.953373847972934
0.953373730417468
0.953373631364181
0.953373520602606
0.953373391487629
0.953373241141933
0.953373082997976
0.953372916160841
0.953372739669
0.953372539648813
0.953372361837053
0.953372120039756
0.953371986768606
0.953371668370103
0.953371434969596
0.953371232312237
0.953370915781176
0.95337058568442
0.9533703855142
0.953370025504622
0.95336962710453
0.953369433673301
0.953369070901573
0.953368718481405
0.953368373064423
0.953367985916933
0.953367644471898
0.953367216121358
0.953366814676821
0.953366373877943
0.953365903345072
0.953365464839648
0.9533650461299
0.953364571004284
0.953364072937733
0.95336359889987
0.953363092389735
0.953362570307015
0.953362037848428
0.953361515076356
0.953360950893172
0.953360395375197
0.953359806439746
0.953359221065209
0.953358605215192
0.953358011829145
0.953357398618144
0.953356748428165
0.953356210322895
0.953355547276523
0.953354871967898
0.953354211330355
0.953353501181269
0.953352777752722
0.953352066119406
0.953351396280206
0.953350507726004
0.953349731614292
0.953348963509609
0.953348220922648
0.95334746740697
0.953346682568753
0.953345880950842
0.953345056800451
0.953344196396696
0.953343338430484
0.953342480085512
0.953341599046801
0.953340731216737
0.953339884353815
0.953338974511797
0.953338053083167
0.953337095962592
0.953336149412231
0.95333523073535
0.953334240178842
0.953333213889999
0.953332245331976
0.953331273111987
0.953330252432879
0.953329221162855
0.953328185160225
0.953327128264242
0.95332604665822
0.953324949974728
0.953323862171259
0.953322765978598
0.95332163956051
0.953320504128032
0.953319377559548
0.953318229918541
0.95331707824715
0.953315862228523
0.953314667697446
0.953313495152802
0.953312270722226
0.953311051627292
0.953309806063942
0.953308539234313
0.95330723484042
0.953305987487602
0.953304736744789
0.953303435868177
0.953302077472093
0.953300754571612
0.953299456728594
0.953298094470261
0.953296703271538
0.953295345192409
0.953294020366528
0.953292577898736
0.953291055343503
0.953289609039477
0.953288173783614
0.953286725005699
0.953285289232461
0.953283864109423
0.953282408691024
0.953280877965294
0.953279381986689
0.953277836825945
0.953276296513901
0.953274747149611
0.953273203529207
0.9532715440318
0.95326987716812
0.953268296257879
0.95326668128671
0.953265049894142
0.95326342697882
0.953261838104628
0.953260106441645
0.953258380112377
0.95325673568799
0.953255068116622
0.953253250840024
0.953251491936077
0.953249732599243
0.953248072594631
0.95324622102694
0.953244431542615
0.953242594035501
0.953240791574512
0.953238955442809
0.953237149827661
0.953235307374826
0.953233412088275
0.953231513178937
0.95322961814352
0.953227648152672
0.953225788385304
0.953223849272281
0.953221884589115
0.953219891062851
0.953217866934222
0.953215848690828
0.953213855438009
0.953211835018352
0.953209791912854
0.95320774882716
0.953205705323418
0.953203611736443
0.95320150278889
0.953199414914856
0.953197278338233
0.953195136582495
0.953192947887471
0.953190814450009
0.953188666151005
0.953186503182287
0.953183991956522
0.953181909274301
0.953179952570868
0.953177580755687
0.953175280819101
0.953172945301879
0.953170600032545
0.953168271698711
0.953166000900781
0.953163720394279
0.953161358162403
0.953158982421938
0.953156604339594
0.953154201301409
0.953151789463588
0.953149364157725
0.953146920404785
0.953144470766558
0.953142020559371
0.953139525388221
0.953137004614871
0.953134464865129
0.953131906162881
0.953129351738712
0.95312681356488
0.953124244791779
0.953121671823949
0.953119068359111
0.953116470874972
0.953113895465935
0.953111235880856
0.953108581636661
0.953105907016847
0.953103231410642
0.953100488913462
0.953097712814866
0.953094952081247
0.953092187847983
0.953089398466099
0.953086617794836
0.953083785268706
0.953080943838781
0.953078112595693
0.953075255829249
0.953072392821486
0.953069510814353
0.95306662821186
0.953063757546919
0.953060820302596
0.953057874763783
0.953054883005158
0.953051869208327
0.953048871634191
0.953045853933261
0.953042804811456
0.953039754099728
0.95303669717148
0.953033622094636
0.95303054206498
0.953027456862387
0.953024334864909
0.953021194938254
0.953018048318978
0.953014875066303
0.953011697337671
0.953008456267425
0.953005216589542
0.953001985131454
0.952998685403128
0.952995378324009
0.95299207767082
0.952988750432758
0.952985389547273
0.952982032189042
0.952978663493192
0.952975267419503
0.952971864755939
0.952968499748844
0.952965082227936
0.952961709669993
0.952958225806202
0.952954701568185
0.952951170386765
0.952947673610135
0.952944119501379
0.952940533268236
0.952936890004611
0.952933267376033
0.952929682252916
0.952926072527436
0.952922425681935
0.952918758699343
0.952915067375852
0.952911353192251
0.952907620951875
0.952903874797836
0.952900113437655
0.952896338970272
0.95289255904194
0.95288869960561
0.95288481166708
0.952880958573159
0.952877098174291
0.952873235395231
0.952869366197978
0.952865434480608
0.95286150840995
0.952857512627247
0.952853505691892
0.952849511040142
0.952845411186126
0.9528413988866
0.952837323338599
0.952833295265629
0.952829201822983
0.95282510625169
0.95282094542344
0.95281680643146
0.95281261623124
0.952808377346744
0.952804108010671
0.952799843072164
0.952795582374843
0.952791298530888
0.952786950875255
0.952782644580167
0.952778242598995
0.952773981540336
0.952769569394573
0.952765150604498
0.952760766200811
0.952756332925683
0.952751826240893
0.952747307697946
0.952742795556121
0.952738126655609
0.95273363111082
0.952729069900832
0.952724492366513
0.952719886699646
0.952715240494442
0.952710441660618
0.952705791573618
0.952701109523975
0.952696407984921
0.952691695502083
0.952686951818039
0.952682169561341
0.952677364987637
0.952672504034471
0.952667610451657
0.952662730502027
0.952657628511543
0.95265278225637
0.952647871365672
0.952642965020737
0.952637817878415
0.952632876513718
0.952627865423921
0.952622816149215
0.952617713393478
0.9526126144516
0.952607498943758
0.952602337163629
0.952597155412616
0.952591965503627
0.952586760076943
0.952581541087643
0.952576277467568
0.952570996294297
0.952565679825153
0.952560367673463
0.952555039736071
0.952549622275464
0.95254416576186
0.952538701344393
0.952533263323187
0.95252791330731
0.952522332783816
0.952516782142554
0.952511105034508
0.952505540780074
0.95249991579992
0.952494191569272
0.952488538985759
0.952482863160345
0.952477140596673
0.952471376731602
0.952465467381809
0.952459715753635
0.952453936409768
0.95244812048803
0.95244225450239
0.952436349402211
0.952430429382727
0.95242444750494
0.952418429751742
0.952412425137631
0.952406411020831
0.952400371228656
0.95239416322669
0.952388088005033
0.952381903505359
0.952375807726489
0.952369548844237
0.952363339477246
0.952357142695187
0.952350682752904
0.952344488720369
0.952338187453361
0.9523318741042
0.952325476498666
0.952319074863817
0.952312625794571
0.952306130454515
0.952299626428531
0.952293079992833
0.952286561540281
0.952279973048724
0.95227334382653
0.95226668345686
0.95225999777277
0.952253284939218
0.952246539267584
0.95223979610856
0.952232997528516
0.95222621839929
0.952219351157385
0.952212523170633
0.95220559007348
0.952198596918015
0.952191624108406
0.952184577956728
0.952177570521555
0.952170476985884
0.952163391886524
0.952156243717219
0.952149086591724
0.95214188558639
0.952134658233659
0.95212738491243
0.952120118394783
0.952112780886095
0.952105343171668
0.952098036702913
0.952090599799435
0.952083229103274
0.952075658754016
0.952068137918804
0.952060560855382
0.952052981301226
0.952045354521788
0.952037719704266
0.952030011247442
0.952022307511713
0.952014518016959
0.952006766377942
0.951998962347831
0.951991099440923
0.951983279500594
0.951975376229308
0.951967350070525
0.95195945881972
0.951951415831822
0.951943580579509
0.951935309070691
0.951927052943156
0.95191879894651
0.951910554822284
0.951902291393672
0.951894063313563
0.951885843477072
0.951877527323733
0.951869195903786
0.951860795220615
0.951852298508401
0.951843761021508
0.951835205250708
0.951826606791107
0.951817971112368
0.951809279919289
0.951800576499951
0.951791897399108
0.9517831809775
0.95177443695351
0.951765615858664
0.951756709327838
0.951747899294365
0.951738991201634
0.951729984794741
0.951720941671331
0.951711829481413
0.951702643901187
0.951693504098555
0.95168430196717
0.951675052843074
0.951665790058744
0.951656474639814
0.951647117758628
0.951637709010362
0.951628327294184
0.951618848062815
0.951609313499788
0.951599709436134
0.951590080513426
0.951580444727489
0.951570751904303
0.951561054180729
0.951551343934148
0.951541551817275
0.951531746675477
0.951521865368579
0.951511895554993
0.951501952492087
0.951491918495458
0.951481826658921
0.951471713086471
0.951461552981095
0.951451372239853
0.951441110956521
0.951430827379665
0.951420468800494
0.951410079849342
0.951399639156896
0.951389063014119
0.951378578342258
0.951368080029178
0.951357513061238
0.951346942516655
0.951336215384899
0.951325426560717
0.951314609913153
0.951303772814669
0.951292872399459
0.951281882855556
0.951270905006537
0.951259910308564
0.951248673520709
0.951237546495993
0.951226392890016
0.951215226613865
0.951203975807718
0.951192683971619
0.951181349741311
0.951169953102765
0.951158428998394
0.951146876031582
0.951135285981917
0.951123692242807
0.951112134026228
0.951100427186154
0.95108866750844
0.9510768388952
0.951064981011074
0.951053044058786
0.95104101840393
0.95102894958077
0.951016741040511
0.95100457949078
0.950992402247133
0.950980145457332
0.95096782749585
0.950955457323596
0.950943017734317
0.950930550692419
0.950918045200654
0.950905505724043
0.950892828221707
0.950880133114277
0.950867429152501
0.950854695435244
0.950841850677346
0.950828958238566
0.950815995208741
0.950803038938812
0.950789964304662
0.950776758680424
0.950763518024827
0.950750275277789
0.950736928300386
0.950723593558376
0.950710143023627
0.950696700560203
0.950683149111721
0.950669529742107
0.950655878628382
0.950642149104388
0.950628333579074
0.950614478189108
0.95060058681711
0.950586612032598
0.950572628656338
0.950558470488076
0.950544342456493
0.950530034815058
0.950515804981463
0.950501426833196
0.950487080067646
0.950472554236663
0.950458088372414
0.95044344697218
0.950428847617684
0.950414030319678
0.950399326965977
0.950384428570126
0.950369581493492
0.950354507999819
0.950339544746926
0.950324368084058
0.9503092574811
0.950293891555456
0.95027868215303
0.950263334400254
0.950247855964503
0.950232270265371
0.950216720049751
0.950200917804678
0.950185145827406
0.950169318645843
0.950153417678533
0.950137482186201
0.950121460879856
0.950105373951772
0.950089243204415
0.950073000768146
0.950056679725689
0.950040321815221
0.950023950582139
0.950007439667904
0.949990810856392
0.949974130379538
0.949957416331081
0.949940594549099
0.949923705438854
0.949906752384351
0.949889758044622
0.949872659236076
0.949855455569186
0.949838267495306
0.949820965894349
0.949803559873204
0.949786091774416
0.949768586690655
0.949750921662827
0.949733156890462
0.949715363953159
0.949697525089465
0.949679577587648
0.949661552144989
0.949643468044097
0.949625301376489
0.949607066910446
0.949588704393349
0.949570276008353
0.949551764810146
0.949533191590644
0.949514698101877
0.949495910120987
0.949477076756105
0.949458179142552
0.949439153906929
0.949420065577081
0.949400858363114
0.949381598578198
0.94936226151604
0.949342846400749
0.949323353077938
0.949303755240845
0.949284071968403
0.949264330541963
0.949244492662052
0.949224546814553
0.949204517044826
0.949184439551395
0.94916423861622
0.949143943941616
0.949123582607993
0.949103120477988
0.949082572403509
0.949061937409348
0.949041210924482
0.949020412400586
0.948999513789571
0.948978523915256
0.948957435494244
0.948936372806819
0.948915114839975
0.948893711828798
0.948872233315587
0.948850725644456
0.948829062334917
0.948807298105882
0.94878547120567
0.948763605673726
0.948741586009598
0.948719476908547
0.948697277024615
0.948674958875328
0.948652567197215
0.948630093673984
0.948607471500927
0.948584761011483
0.948561974782163
0.948539095405682
0.948516120506737
0.948493039504336
0.9484698756338
0.948446610004909
0.948423230814891
0.948399761426974
0.948376186440499
0.948352523623632
0.948328740844905
0.948304859365365
0.948280895195231
0.948256820965063
0.948232623595733
0.948208338374792
0.948183958646402
0.948159473818555
0.948134888448792
0.948110202950419
0.94808541157062
0.948060512400481
0.948035505129866
0.948010394555861
0.947985178407901
0.947959858652974
0.947934431569652
0.947908901873735
0.947883264105719
0.947857523770626
0.947831672837295
0.947805720044191
0.947779654411294
0.947753488249399
0.947727205915908
0.947700825732555
0.947674324530612
0.947647730817891
0.947621007161132
0.947594203031568
0.947567249725053
0.947540198454661
0.947513039436404
0.947485773587821
0.947458396676423
0.947430911474608
0.947403311677975
0.947375605601123
0.947347777871289
0.947319853921166
0.947291788525637
0.947263669394842
0.947235312542111
0.947206942635399
0.947178503443204
0.947149851964027
0.947121130787594
0.947092336606771
0.947063338879582
0.947034267888251
0.947005125686273
0.946975797970695
0.946946384596486
0.946916849477687
0.946887196081282
0.946857441339567
0.946827610229029
0.946797579897739
0.946767466308533
0.946737236930712
0.946706905020724
0.946676468917039
0.946645920627732
0.946615247907453
0.946584440017429
0.94655352100234
0.94652248117835
0.946491316586853
0.946460048533472
0.946428659150046
0.946397177576347
0.946365551572853
0.94633382923499
0.946302015668788
0.946270054576128
0.946237952119826
0.946205739911926
0.946173412456518
0.946140967850826
0.946108396414571
0.946075712222228
0.946042929997697
0.946010038200208
0.945977025182085
0.945943890754086
0.945910637196505
0.945877265668717
0.945843776312216
0.945810169674939
0.94577644642917
0.945742607146342
0.945708651986302
0.945674581050958
0.945640394335763
0.945606091951548
0.945571673971236
0.945537140563372
0.945502491879754
0.945467728136535
0.945432849556581
0.945397856373954
0.945362748867399
0.945327527260995
0.945292191897561
0.945256742970451
0.945221187658831
0.945185525425176
0.945149765272586
0.94511386376462
0.945077826173605
0.945041679166144
0.945005416353422
0.944969103787155
0.944932677331926
0.944896099597073
0.94485939397288
0.944822540425473
0.944785692716188
0.944748719396686
0.944711636960184
0.944674428143465
0.944637104411992
0.944599612469114
0.944562109088727
0.944524410281954
0.944486713870208
0.944448891154238
0.944410937836629
0.944372989913095
0.944334788963823
0.944296537646188
0.944258200237051
0.944219730669088
0.944181193088644
0.944142484682115
0.9441037861238
0.944064953497851
0.944026091325029
0.943987073818796
0.943947940491001
0.943908702903915
0.943869345420325
0.943829916249649
0.943790475880531
0.943750943054943
0.943711277015124
0.94367153134705
0.943631650495169
0.943591715158126
0.943551720380997
0.943511633015617
0.943471512332789
0.94343126855183
0.943390930306141
0.94335053985943
0.943310122344325
0.943269568920622
0.943228995743539
0.943188280933816
0.943147514302654
0.943106695309962
0.943065786948593
0.94302482160731
0.942983794804552
0.942942682375065
0.942901488793532
0.942860237927565
0.942818926592236
0.942777576298022
0.942736185746197
0.942694752019177
0.942653263095535
0.942611728507372
0.942570137332318
0.942528503284636
0.942486813692215
0.942445088044993
0.942403316699787
0.942361501260404
0.942319646361483
0.942277753687839
0.942235827444502
0.942193868718243
0.942151881432304
0.942109865116116
0.942067824400981
0.942025758063831
0.94198367195519
0.941941563857097
0.941899440962136
0.941857299848278
0.941815149260987
0.941772984194913
0.941730815234393
0.941688635371594
0.941646457541336
0.941604272123656
0.941562095182585
0.941519913519677
0.941477747593922
0.94143557899719
0.941393434756698
0.941351288327058
0.94130917733754
0.941267061451595
0.941224955125487
0.941182896121881
0.941140861849432
0.941098912492165
0.941056964606948
0.941015013513922
0.940973053725999
0.940931166466361
0.940889335244349
0.940847550669462
0.940805772760658
0.940764001593775
0.940722435286197
0.940680903133861
0.940639377430756
0.940597962604133
0.940556661773772
0.940515386007094
0.940474190306053
0.94043310720347
0.940392075108935
0.940351090349443
0.940310146557606
0.940269292705242
0.940228575970818
0.94018797291466
0.940147503722113
0.940107143783328
0.940066758749564
0.940026511750897
0.939986466907196
0.939946526043099
0.939906741650409
0.939867093771527
0.9398275655182
0.939788072294823
0.939748696568644
0.939709533593976
0.939670498331605
0.939631609869487
0.939592871304972
0.93955432554241
0.93951588176425
0.939477615959757
0.939439580077503
0.939401674437933
0.939363916148329
0.939326307679641
0.939288831649029
0.939251541538409
0.939214521943867
0.939177757434125
0.939141132935457
0.93910468521379
0.939068419544125
0.939032376863469
0.938996526371479
0.938960900256654
0.938925483925016
0.938890226415692
0.938855275169653
0.938820569190684
0.938786115313069
0.938751838818256
0.938717863839976
0.938684105637911
0.938650559600937
0.938617353005296
0.938584327427852
0.938551540478484
0.938519118789588
0.938486927275798
0.938454895332629
0.938423169928516
0.938391807090306
0.938360703583758
0.938329866903735
0.938299333071841
0.938269107253699
0.938239157893236
0.938209545499993
0.938180167324728
0.938151146163951
0.93812249576417
0.938094115217765
0.938066026795668
0.938038250358749
0.938010762973758
0.937983660481608
0.937956866105465
0.93793044065635
0.93790429393023
0.937878503696673
0.937853118736108
0.937828058844954
0.937803426705913
0.937779168709188
0.937755143404715
0.937731459440053
0.937708230903425
0.93768539053018
0.937662878690028
0.937640785969283
0.937619106513695
0.937597741291154
0.937576751951538
0.937556206649203
0.937535993766697
0.937516182107674
0.937496720410692
0.937477757545489
0.9374590447138
0.937440766878764
0.937423078274793
0.937405756367113
0.937388807476462
0.937372226286143
0.937356070816537
0.937340456600471
0.937325178293311
0.937310269095557
0.937295768048714
0.937281746776413
0.937268284942233
0.937255220558493
0.937242369744096
0.937230075264295
0.937218328246552
0.937206915569926
0.9371958108403
0.937185355478553
0.937175380841476
0.937165715929496
0.937156602425886
0.937147937378867
0.937139703096678
0.937131863582636
0.937124509944007
0.937117637206326
0.937111053275236
0.937105064318957
0.937099449948792
0.937094377067498
0.937089855693741
0.937085686908051
0.93708200963379
0.937078753357931
0.937075992977871
0.937073579601602
0.937071704186752
0.937070409090852
0.937069391131636
0.937068849229418
0.937068930662958
0.937069456194501
0.937070314046413
0.937071639679971
0.937073601565615
0.937075819973392
0.937078598478002
0.937081850457231
0.937085546277641
0.937089672026067
0.937094256889941
0.937099397561356
0.937104974167388
0.937110861786058
0.93711724050205
0.937124200551285
0.937131479788358
0.937139330885014
0.937147522097245
0.937156268409619
0.937165402185908
0.937175034364488
0.937185096045213
0.937195596814375
0.937206509046509
0.937217844532147
0.937229692199427
0.937241993861071
0.937254575869647
0.937267685934338
0.937281273027602
0.937295282118816
0.937309629398998
0.937324427153843
0.937339812212895
0.937355419399052
0.937371539909176
0.93738811992935
0.937405084427255
0.937422318131309
0.937440104131466
0.937458274353493
0.93747690973481
0.937495832446652
0.937515230517296
0.937535004191653
0.937555190220536
0.937575775736389
0.937596623100247
0.937617996140761
0.937639631563445
0.937661760369932
0.937684302511502
0.937707073445128
0.937730311398815
0.937753911868218
0.937777902370713
0.937802276130713
0.937826810382789
0.937851781218856
0.937877103500738
0.937902831816284
0.937928896260298
0.937955329501654
0.937982076844355
0.938009155894331
0.938036536726579
0.938064163704877
0.938092143998073
0.938120539734309
0.938149234413446
0.938178188783608
0.93820748905982
0.938237145041325
0.938267092144314
0.93829728546833
0.9383277362381
0.938358514599101
0.938389611895805
0.938420985773765
0.938452604859168
0.938484459298671
0.938516588956868
0.938549062423078
0.938581798230291
0.938614716529838
0.938647866677534
0.938681348749859
0.938715111973257
0.938749079251934
0.938783253172504
0.938817674515986
0.938852377107554
0.938887328102226
0.938922454163663
0.938957731261303
0.938993256260023
0.93902914108751
0.939065170070268
0.939101217653408
0.939137534534085
0.939174139264275
0.93921093624006
0.939247994747582
0.939285216949674
0.939322557411146
0.939360007886496
0.939397613995819
0.9394354748481
0.939473533265519
0.939511730712584
0.939550011120494
0.939588454091799
0.939627146978807
0.939665907571244
0.939704826325069
0.939743979480283
0.939783222756623
0.939822616003019
0.939862182851863
0.939901880395572
0.939941638335031
0.939981500501273
0.940021476783322
0.940061525855508
0.940101610357775
0.940141967132265
0.940182370615437
0.940222854435116
0.940263481218579
0.940304211870737
0.940345114766266
0.940386125279874
0.940427058250597
0.940467958746563
0.940509077110469
0.940550294193791
0.940591618865097
0.940632966590386
0.940674358103899
0.940715813282521
0.940757327490042
0.940798941390595
0.940840586277481
0.940882258840576
0.940923961577921
0.940965705848785
0.941007493439208
0.941049316351609
0.941091222983515
0.941133011493879
0.941174909885265
0.94121692090913
0.941258890135103
0.941300916997746
0.941343000440562
0.941385089237307
0.941427194828482
0.941469223098143
0.941511261541563
0.941553371318948
0.941595483820948
0.941637562071091
0.941679662222312
0.941721765967777
0.941763829118508
0.941805863054655
0.941847892481604
0.941889931803561
0.941931954954746
0.941973900676338
0.942015784816356
0.942057730192911
0.942099689123861
0.94214160091514
0.942183518778099
0.942225395291356
0.942267240534484
0.942308995579882
0.942350733801533
0.942392427896953
0.942434120229594
0.942475754453486
0.942517355150684
0.942558970543533
0.942600515759744
0.942641924938756
0.942683261389585
0.942724606815734
0.942765892146244
0.942807081767811
0.942848166190943
0.942889216842326
0.942930239835031
0.942971248248462
0.943012204417979
0.943053081970979
0.943093882955471
0.943134634973869
0.943175347673777
0.943215958004658
0.943256464945666
0.943296856141653
0.94333718615229
0.943377422102496
0.943417595433353
0.943457723133691
0.94349778628827
0.943537735431308
0.943577621473685
0.943617498508552
0.943657255122126
0.943696829348916
0.943736307583571
0.943775725743598
0.943815106449927
0.943854410239097
0.943893604001003
0.943932680731259
0.943971708555662
0.944010658547238
0.944049472140821
0.944088191897234
0.944126788539849
0.944165313980552
0.944203751190626
0.944242092685833
0.94428032275847
0.944318450322198
0.944356489657295
0.944394440914524
0.944432322432525
0.944470045142022
0.944507588098701
0.944545069966331
0.944582515293199
0.944619839448616
0.944657042482782
0.944694137419202
0.944731131834779
0.944768076556157
0.944804912318505
0.944841556025396
0.944878033681768
0.944914421362563
0.944950770865694
0.9449870549943
0.945023197019256
0.945059221299965
0.945095137751512
0.94513089197033
0.945166536797319
0.945202068106649
0.945237481651086
0.94527280380442
0.945308030671428
0.945343173174738
0.945378241838663
0.945413154615222
0.945447860931759
0.94548242094127
0.945516891327943
0.945551397725173
0.945585788621364
0.945619956347169
0.945654003979902
0.945687965205312
0.94572183224678
0.945755567618239
0.945789167216883
0.945822656189823
0.945856017725606
0.945889272117178
0.945922423503528
0.945955503738546
0.94598842696748
0.946021214778931
0.9460539193218
0.946086445499919
0.946118879948249
0.946151185160687
0.946183382962171
0.946215482060952
0.94624751868135
0.946279404402702
0.946311110970819
0.946342769695843
0.946374297625962
0.946405636689798
0.946436927466619
0.94646806735243
0.946499087703838
0.946530126726008
0.946560921338374
0.946591620438344
0.946622149978666
0.946652623985289
0.946683083479436
0.946713342233561
0.94674341874687
0.946773334113905
0.946803183433378
0.946832969415434
0.946862670228922
0.946892236902082
0.946921650544556
0.946950938517275
0.946980141361425
0.947009253322272
0.947038233237287
0.947067074197317
0.947095798417382
0.947124424590257
0.947152972302998
0.947181370548122
0.947209636778228
0.94723782638622
0.947265939255235
0.947293887819629
0.947321709863353
0.947349456183163
0.947377146169407
0.947404628310612
0.947432009669655
0.947459297817081
0.947486422946699
0.94751359234764
0.947540381018438
0.947567243120525
0.94759398032146
0.947620671082095
0.947647213049725
0.947673652044644
0.947699972962358
0.947726184034928
0.947752273367274
0.947778222883839
0.947804052777837
0.947829823160007
0.947855516643477
0.947881117809936
0.947906569947807
0.947931927675617
0.94795713570303
0.94798230096209
0.948007359112984
0.94803226080971
0.948057093425558
0.948081738214914
0.948106434628814
0.948130724125067
0.948155238013381
0.948179581076783
0.94820408804575
0.948228082340806
0.94825196146777
0.948275861632904
0.948299668811143
0.94832334013485
0.948346940168479
0.948370443013925
0.948393878529616
0.948417206991611
0.94844040149354
0.948463516929878
0.948486512449349
0.948509447727444
0.94853224177828
0.948554966289092
0.948577603280528
0.94860010653053
0.948622522213259
0.948644847416441
0.948667104879052
0.948689269350018
0.948711302284144
0.948733268686354
0.94875514426226
0.948776893436901
0.948798563343349
0.948820144376402
0.948841622628352
0.948863039757647
0.948884345230293
0.948905571996338
0.948926713887791
0.948947801997793
0.948968689177574
0.948989542035961
0.949010305660062
0.949030946772198
0.9490515498731
0.949072059534211
0.949092442284722
0.949112753479356
0.949132988278543
0.949153150686435
0.94917319901464
0.949193162634133
0.949213050303217
0.949232849098299
0.949252564368029
0.949272174772447
0.949291762912806
0.949311191800751
0.949330553772228
0.949349887987675
0.949369094555129
0.949388212342579
0.94940727527193
0.949426236776491
0.949445078936757
0.949463902657058
0.949482637084574
0.949501258853431
0.94951985916797
0.949538317588775
0.949556668529978
0.949574970487221
0.949593216417521
0.949611349161338
0.949629427720568
0.949647431768792
0.949665370726914
0.949683200299505
0.949700974418322
0.949718643630507
0.949736278087049
0.949753798713104
0.949771276910908
0.949788645742867
0.949805979676137
0.949823204477864
0.949840377220302
0.949857453846522
0.949874556307029
0.949891454758335
0.949908283784899
0.949925153383572
0.949941769740806
0.949958354539411
0.949974882159448
0.949991450746451
0.950007883372318
