-1.57965420862707
-1.57960476069138
-1.57956953170909
-1.57941862953216
-1.579495680283
-1.57948689715973
-1.57950290095919
-1.57956018986788
-1.57959410077186
-1.57965940129264
-1.57969004483474
-1.57971218360445
-1.57975076480872
-1.5797688246596
-1.5798056995141
-1.57981591089807
-1.57983323272992
-1.57983829362843
-1.57984297310133
-1.57984254185808
-1.57984198779451
-1.57983858849291
-1.57983484077842
-1.57982971260375
-1.57982435508674
-1.5798184660523
-1.57981237385765
-1.57980614548048
-1.5797999185324
-1.57979376655522
-1.5797877591419
-1.57978192683494
-1.57977631871634
-1.57977094809686
-1.57976581592039
-1.5797609464422
-1.57975635018354
-1.57975206097604
-1.5797480184837
-1.57974422518645
-1.57974070514132
-1.5797373987215
-1.57973432965855
-1.57973148541328
-1.57972884416046
-1.5797264149055
-1.57972416053373
-1.57972208398873
-1.57972016764301
-1.57971841762394
-1.57971680958502
-1.57971533421718
-1.57971397404259
-1.57971273495699
-1.57971159666441
-1.57971055442163
-1.57970959820368
-1.57970872892005
-1.57970793919216
-1.57970721448561
-1.57970655258752
-1.57970595500173
-1.57970541284684
-1.57970491566754
-1.57970446406113
-1.57970405196685
-1.57970367801917
-1.57970334014336
-1.57970303226807
-1.57970275474677
-1.57970250481603
-1.57970227453166
-1.57970206474512
-1.57970188035135
-1.57970171201562
-1.57970155758839
-1.57970141963863
-1.57970129323664
-1.57970118142108
-1.57970107847887
-1.57970098638728
-1.57970090467139
-1.57970083010882
-1.5797007608767
-1.57970070050912
-1.57970064580715
-1.57970059780552
-1.57970055306721
-1.57970051089167
-1.57970047397787
-1.57970044283896
-1.57970041433578
-1.57970039066901
-1.57970036659968
-1.57970034610827
-1.57970032786555
-1.57970031225469
-1.57970029568913
-1.57970028269009
-1.57970027033004
-1.57970025898506
-1.57970024948232
-1.57970024107915
-1.5797002334587
-1.57970022783705
-1.57970022510281
-1.57970021725696
-1.579700213342
-1.57970020833683
-1.57970020483089
-1.57970020160486
-1.57970019816536
-1.57970019523654
-1.57970019337561
-1.57970019243579
-1.57970019110039
-1.57970019002483
-1.57970019014902
-1.57970018864867
-1.57970018759574
-1.57970018835957
-1.57970018973847
-1.5797001908211
-1.57970018904074
-1.57970018556235
-1.57970018867581
-1.5797001879434
-1.57970018684574
-1.57970018891628
-1.57970018878787
-1.57970018777032
-1.57970018823585
-1.57970018956182
-1.57970018958114
-1.57970019109456
-1.57970019249002
-1.57970019380061
-1.57970019510855
-1.5797001948818
-1.57970019479454
-1.57970019464906
-1.57970019556797
-1.57970019638394
-1.57970019719477
-1.57970019817987
-1.57970019942036
-1.57970020119484
-1.57970020112061
-1.57970020257073
-1.57970020371023
-1.57970020088221
-1.57970020497658
-1.57970020428908
-1.57970020358519
-1.57970020600827
-1.57970020603088
-1.57970020571801
-1.57970020751897
-1.57970020862127
-1.57970021004626
-1.57970021203172
-1.57970020980852
-1.57970021224185
-1.57970021275844
-1.57970021270385
-1.57970021324588
-1.57970021394244
-1.57970021350044
-1.57970021372795
-1.57970021478833
-1.57970021578824
-1.57970021684799
-1.57970021788257
-1.57970022010962
-1.57970022169082
-1.57970022178648
-1.57970022151635
-1.57970022275588
-1.57970022444436
-1.57970022338534
-1.57970022462728
-1.57970022493916
-1.5797002251528
-1.57970022539628
-1.57970022753665
-1.57970022843581
-1.57970022929273
-1.5797002292849
-1.57970022854645
-1.57970022947535
-1.57970023073221
-1.57970023311582
-1.57970023236296
-1.57970023371542
-1.57970023395637
-1.57970023399962
-1.57970023401048
-1.57970023540035
-1.57970023590335
-1.57970023608795
-1.57970023818127
-1.57970023937314
-1.57970024023133
-1.57970023977587
-1.57970023913836
-1.57970023968459
-1.57970024065789
-1.57970024154201
-1.57970024213084
-1.57970024245969
-1.57970024345782
-1.57970024422684
-1.57970024413334
-1.57970024406966
-1.57970024529312
-1.57970024626884
-1.57970024594279
-1.5797002479209
-1.57970024960896
-1.5797002494195
-1.57970025021956
-1.57970025110813
-1.57970025237676
-1.57970025195366
-1.57970025096555
-1.57970025308711
-1.57970025432771
-1.57970025569886
-1.5797002549087
-1.57970025456902
-1.57970025479124
-1.57970025560233
-1.57970025613141
-1.57970025732599
-1.57970025790621
-1.57970025731677
-1.57970025777205
-1.57970025961087
-1.57970026113662
-1.57970025932876
-1.57970025923374
-1.5797002605538
-1.579700261768
-1.57970026156817
-1.5797002623593
-1.57970026337484
-1.57970026290269
-1.57970026394104
-1.57970026451779
-1.57970026454237
-1.57970026479545
-1.57970026515615
-1.57970026560028
-1.57970026592319
-1.57970026634986
-1.57970026672995
-1.5797002671999
-1.57970026758319
-1.57970026805715
-1.57970026844751
-1.57970026892861
-1.57970026931797
-1.57970026981856
-1.5797002702284
-1.5797002707049
-1.57970027110688
-1.57970027157999
-1.57970027197226
-1.57970027243523
-1.57970027281915
-1.57970027327395
-1.57970027364868
-1.57970027410891
-1.57970027448816
-1.57970027492594
-1.5797002752974
-1.57970027572308
-1.57970027608533
-1.5797002764932
-1.57970027684609
-1.57970027723705
-1.5797002775794
-1.57970027798698
-1.57970027831929
-1.5797002787124
-1.57970027903853
-1.57970027942094
-1.57970027974255
-1.57970028011199
-1.57970028042417
-1.57970028077967
-1.57970028108198
-1.57970028145293
-1.57970028174059
-1.57970028210017
-1.57970028236974
-1.57970028273537
-1.57970028298667
-1.57970028336526
-1.57970028359597
-1.579700283995
-1.57970028419197
-1.57970028462721
-1.57970028475697
-1.579700285275
-1.57970028524406
-1.57970028599167
-1.5797002852278
-1.57970028610459
-1.57970028509512
-1.57970028614352
-1.579700286447
-1.57970028677026
-1.57970028701578
-1.57970028819423
-1.57970028736714
-1.57970028919291
-1.57970028820201
-1.57970028918776
-1.57970028920402
-1.57970028903027
-1.5797002891913
-1.57970028887039
-1.57970029071237
-1.57970029196604
-1.57970029477
-1.5797002906541
-1.5797002906877
-1.57970029093292
-1.57970029119891
-1.57970029104892
-1.57970029220233
-1.57970029313142
-1.57970029595522
-1.57970029296362
-1.5797002928883
-1.57970029320712
-1.57970029278616
-1.57970029228296
-1.5797002911395
-1.57970029352963
-1.57970029231636
-1.5797002926446
-1.57970029378158
-1.57970029762247
-1.57970029937034
-1.5797002932743
-1.57970029472476
-1.57970029598761
-1.57970029530451
-1.5797002946935
-1.57970029483606
-1.57970029481912
-1.57970029502949
-1.57970029552795
-1.57970029570959
-1.57970029516832
-1.57970029528034
-1.5797002958798
-1.57970029603217
-1.57970029590883
-1.57970029588156
-1.57970029601227
-1.57970029605244
-1.57970029605205
-1.57970029608212
-1.57970029613876
-1.57970029618406
-1.57970029623003
-1.57970029627383
-1.57970029632272
-1.5797002963639
-1.57970029640592
-1.57970029644007
-1.57970029647499
-1.57970029650135
-1.5797002965275
-1.57970029654462
-1.57970029656103
-1.57970029656811
-1.57970029657398
-1.57970029657036
-1.57970029656511
-1.57970029655048
-1.57970029653373
-1.57970029650812
-1.57970029647944
-1.57970029644329
-1.5797002964019
-1.57970029635644
-1.57970029630035
-1.57970029624884
-1.5797002961725
-1.57970029612244
-1.57970029636033
-1.57970029646398
-1.57970029647505
-1.57970029652508
-1.57970029656793
-1.5797002965649
-1.57970029654883
-1.57970029653167
-1.57970029650566
-1.57970029646714
-1.57970029642091
-1.57970029636779
-1.57970029630579
-1.57970029623565
-1.57970029615625
-1.57970029607004
-1.57970029597443
-1.57970029587315
-1.57970029576259
-1.57970029564809
-1.57970029552443
-1.57970029539878
-1.5797002952637
-1.5797002951291
-1.57970029498402
-1.57970029484287
-1.57970029468849
-1.57970029454386
-1.57970029437928
-1.57970029423628
-1.57970029405637
-1.57970029392692
-1.57970029371311
-1.57970029363302
-1.57970029331808
-1.57970029341756
-1.57970029273151
-1.57970029356313
-1.57970029270091
-1.57970029166417
-1.57970029238481
-1.57970029193622
-1.57970029169123
-1.57970029134751
-1.57970029195183
-1.57970029221375
-1.57970029233209
-1.57970029320425
-1.57970029296406
-1.57970029237036
-1.57970029293978
-1.57970029578799
-1.5797002963464
-1.57970029288243
-1.5797002931101
-1.57970029292431
-1.57970029227029
-1.57970029113831
-1.57970029073751
-1.57970029130286
-1.57970029118743
-1.57970029049107
-1.57970028994075
-1.57970028936088
-1.57970028876998
-1.57970028823178
-1.579700287735
-1.57970028690836
-1.57970028640623
-1.57970028679212
-1.57970028752425
-1.57970028722818
-1.57970028488672
-1.57970028544906
-1.57970028657179
-1.5797002863394
-1.57970028462691
-1.57970028733078
-1.57970028877067
-1.57970028498142
-1.57970028560725
-1.579700285493
-1.57970028426868
-1.57970028365718
-1.57970028341296
-1.57970028302615
-1.57970028219742
-1.57970028188861
-1.57970028185503
-1.57970028116571
-1.57970028090188
-1.57970028086437
-1.57970028060003
-1.57970028000443
-1.57970027943393
-1.57970027906379
-1.57970027859626
-1.57970027810724
-1.57970027795485
-1.57970027744325
-1.57970027707203
-1.57970027716786
-1.57970027688528
-1.57970027588298
-1.57970027569611
-1.57970027615152
-1.57970027575339
-1.57970027483049
-1.57970027449101
-1.57970027426496
-1.57970027375883
-1.57970027318039
-1.5797002730491
-1.57970027159658
-1.57970027327289
-1.57970027181598
-1.57970027141556
-1.5797002723185
-1.57970027097928
-1.57970027081462
-1.57970027151777
-1.57970027069032
-1.57970026954635
-1.57970026952222
-1.57970026895794
-1.57970026740799
-1.57970026716593
-1.57970026680766
-1.57970026814168
-1.57970026668995
-1.57970026369865
-1.57970026652032
-1.5797002635728
-1.57970026363432
-1.57970026579783
-1.57970026451371
-1.57970026366292
-1.57970026383955
-1.57970026222683
-1.57970026382069
-1.57970026207483
-1.57970026242983
-1.57970026065953
-1.57970026035939
-1.57970026052581
-1.57970026004027
-1.57970025856991
-1.57970025904575
-1.57970025970956
-1.5797002581647
-1.57970025611344
-1.57970025667336
-1.57970025636496
-1.57970025557704
-1.57970025526568
-1.57970025609899
-1.57970025432837
-1.57970025420556
-1.57970025409988
-1.57970025335569
-1.57970025172214
-1.57970025289534
-1.5797002511019
-1.57970025226512
-1.57970024953709
-1.57970024916309
-1.57970024981407
-1.57970024989823
-1.57970024989277
-1.57970024890999
-1.57970024751295
-1.57970024501034
-1.57970024625789
-1.57970024631133
-1.57970024367274
-1.57970024644798
-1.57970024519117
-1.5797002434913
-1.57970024414497
-1.57970024605221
-1.57970024292003
-1.57970024211258
-1.57970024426282
-1.57970023994759
-1.57970024078019
-1.57970024166978
-1.57970023820618
-1.579700237677
-1.57970023879195
-1.57970023678915
-1.57970023634321
-1.57970023326899
-1.57970023716331
-1.57970023165262
-1.57970023252882
-1.57970023508416
-1.57970023430979
-1.57970023434232
-1.57970023312385
-1.57970023164935
-1.57970023251153
-1.57970023178271
-1.57970023216438
-1.57970023254312
-1.57970022782186
-1.57970022878185
-1.57970022979778
-1.57970022759597
-1.57970022524934
-1.57970022728603
-1.57970022716547
-1.579700224949
-1.57970022458778
-1.57970022396295
-1.57970022635944
-1.57970022180701
-1.57970022068831
-1.5797002210672
-1.57970022332866
-1.57970022268301
-1.57970022075081
-1.57970021980072
-1.57970021943999
-1.57970022015014
-1.57970021764042
-1.57970021879662
-1.57970021707223
-1.57970021712533
-1.57970021592515
-1.57970021387752
-1.57970021365048
-1.5797002137958
-1.57970021516334
-1.57970021313773
-1.57970021203446
-1.57970021113917
-1.57970021101197
-1.57970021000456
-1.57970020996439
-1.57970021033295
-1.57970020868757
-1.57970020710035
-1.57970020677716
-1.57970020668613
-1.57970020533352
-1.57970020647712
-1.57970020405832
-1.57970020398412
-1.57970020565444
-1.57970020496452
-1.57970020203157
-1.57970020380552
-1.57970020094288
-1.57970020045583
-1.57970020024522
-1.57970019925724
-1.57970019816099
-1.57970019940712
-1.57970019812975
-1.57970019882335
-1.57970019726164
-1.57970019527753
-1.5797001968368
-1.57970019335802
-1.57970019560178
-1.5797001908231
-1.57970019222499
-1.5797001939196
-1.57970019235374
-1.57970019174277
-1.57970019234565
-1.57970019234015
-1.57970019027808
-1.57970018639883
-1.57970019039906
-1.57970018562833
-1.57970018663814
-1.57970018479362
-1.5797001858688
-1.57970018289815
-1.57970018000616
-1.57970018302722
-1.57970018476301
-1.57970018223554
-1.57970018319832
-1.57970018392137
-1.57970018080738
-1.57970018118362
-1.57970018342533
-1.57970018164439
-1.57970017985681
-1.57970017882389
-1.57970017702202
-1.57970017512257
-1.57970017757213
-1.57970017837579
-1.57970017520767
-1.57970017565271
-1.57970017872858
-1.57970017279754
-1.5797001709266
-1.5797001777898
-1.57970017016441
-1.57970017196064
-1.57970017395736
-1.57970016862523
-1.57970016687911
-1.57970016839065
-1.57970016807535
-1.57970016843201
-1.57970016560981
-1.57970016673932
-1.57970016901959
-1.57970016601729
-1.57970016444634
-1.57970016600115
-1.57970016377919
-1.57970016428655
-1.57970016652881
-1.57970016128259
-1.57970015882577
-1.57970016210187
-1.57970016211663
-1.57970015659576
-1.57970015895897
-1.5797001606913
-1.57970016307293
-1.57970016159445
-1.57970015694584
-1.57970015626377
-1.57970015814448
-1.57970015674051
-1.5797001525142
-1.57970015627974
-1.57970015297602
-1.57970015168343
-1.57970015743097
-1.57970015301659
-1.57970015066148
-1.57970015292297
-1.57970015178618
-1.5797001475381
-1.57970014884054
-1.57970015136097
-1.57970015127668
-1.57970014401148
-1.57970015203337
-1.57970015196193
-1.57970014604712
-1.57970014496671
-1.57970014704974
-1.57970014704786
-1.57970014557506
-1.57970014722554
-1.57970014234929
-1.57970013760862
-1.57970014214651
-1.57970014635935
-1.57970013959677
-1.5797001371651
-1.57970014175758
-1.57970013972047
-1.57970014070076
-1.57970014131083
-1.57970013875952
-1.57970013508375
-1.57970013511315
-1.57970013778903
-1.57970013279549
-1.57970013329006
-1.57970013628273
-1.57970013552897
-1.57970013367121
-1.57970013450376
-1.57970013444931
-1.57970013264653
-1.57970012992772
-1.57970013126367
-1.57970013190838
-1.57970013015594
-1.57970013162807
-1.5797001293436
-1.57970012756195
-1.57970012658116
-1.57970012931095
-1.57970012856246
-1.57970012508331
-1.57970012494201
-1.5797001268414
-1.57970012665548
-1.57970012790742
-1.57970012502739
-1.5797001238644
-1.57970012489282
-1.57970012449951
-1.57970012058012
-1.57970012158749
-1.57970012054985
-1.57970011877496
-1.57970012278436
-1.57970012203486
-1.57970011877171
-1.57970011972216
-1.57970012400639
-1.57970011752835
-1.57970011810552
-1.57970011801188
-1.57970011675155
-1.57970011982451
-1.57970011665617
-1.57970011114648
-1.57970011555048
-1.57970011695182
-1.57970011452426
-1.57970011515018
-1.57970011738531
-1.57970011049785
-1.57970011157666
-1.5797001160699
-1.57970011500626
-1.57970010829111
-1.57970011747144
-1.5797001162234
-1.57970011307103
-1.57970011001897
-1.57970010740799
-1.5797001110336
-1.57970011340832
-1.57970010829448
-1.57970010572974
-1.5797001096911
-1.57970010918038
-1.57970010991867
-1.57970010952129
-1.57970010668187
-1.57970010620949
-1.57970010669913
-1.57970010417918
-1.57970010349736
-1.57970010300437
-1.57970010305442
-1.57970010389529
-1.57970010227206
-1.5797001018386
-1.5797001016315
-1.57970010150492
-1.57970010028198
-1.57970009663719
-1.57970009910965
-1.57970010273103
-1.57970010265387
-1.57970009986306
-1.57970009935005
-1.57970010095045
-1.57970009962833
-1.57970009610589
-1.57970009378461
-1.57970009493566
-1.57970009794983
-1.57970009828788
-1.57970009469686
-1.57970009555571
-1.57970009645068
-1.57970009445819
-1.57970009205398
-1.57970009464011
-1.57970009171763
-1.57970009478197
-1.57970009731578
-1.57970009299573
-1.57970009251748
-1.57970009248584
-1.57970009422671
-1.57970008901815
-1.57970009180054
-1.57970009516161
-1.57970009224123
-1.5797000882196
-1.57970009238794
-1.57970009123764
-1.57970009210898
-1.57970009318998
-1.57970009077256
-1.57970008814082
-1.57970008194658
-1.5797000880471
-1.57970009229315
-1.57970009119754
-1.57970008200201
-1.57970008121757
-1.57970009055217
-1.57970008589603
-1.57970008139195
-1.57970008780714
-1.57970008534103
-1.57970008484348
-1.57970009115121
-1.57970008477228
-1.57970008260506
-1.57970008885869
-1.57970008290696
-1.57970008037566
-1.57970008643259
-1.57970008285553
-1.57970008158733
-1.57970008466486
-1.57970008395452
-1.57970008689309
-1.57970008035041
-1.57970007905352
-1.57970008852725
-1.57970008432079
-1.57970007675697
-1.57970008009926
-1.57970008339836
-1.57970008270145
-1.57970008718723
-1.57970008191785
-1.57970007385779
-1.57970007764026
-1.579700085507
-1.57970007737415
-1.57970007566132
-1.57970008402752
-1.5797000754444
-1.57970007040849
-1.57970008304445
-1.57970008156321
-1.57970007171186
-1.57970007360054
-1.57970007793183
-1.57970007731454
-1.57970007070377
-1.57970007302349
-1.57970007922241
-1.57970008008213
-1.57970007147091
-1.57970007066667
-1.57970007652243
-1.57970007743745
-1.57970006854907
-1.57970007511594
-1.57970008167537
-1.57970007462346
-1.57970006981818
-1.57970007482647
-1.57970007629971
-1.57970007043667
-1.57970006771414
-1.57970007121008
-1.57970006890731
-1.57970007307794
-1.57970007407221
-1.57970007516857
-1.5797000742944
-1.57970006517262
-1.57970006516198
-1.57970007655456
-1.57970007660115
-1.57970006647386
-1.57970006818397
-1.57970007379233
-1.57970006733998
-1.57970006378981
-1.57970007095193
-1.57970006843216
-1.57970007444677
-1.57970007221581
-1.57970006161066
-1.5797000624057
-1.57970007483408
-1.57970007215102
-1.5797000613385
-1.57970006002423
-1.57970006887933
-1.57970007599909
-1.57970006665223
-1.57970006079834
-1.57970006654352
-1.57970006898919
-1.57970006133746
-1.5797000632699
-1.5797000684055
-1.5797000652193
-1.57970006034326
-1.57970006491663
-1.57970006502056
-1.57970006268983
-1.57970006919458
-1.57970006398019
-1.57970005739613
-1.57970006358599
-1.57970006415392
-1.57970006293069
-1.57970006481945
-1.57970005996171
-1.57970006169212
-1.57970006060962
-1.57970005935886
-1.57970006388724
-1.57970006217858
-1.5797000645264
-1.5797000613298
-1.5797000589341
-1.57970005865401
-1.57970006115901
-1.57970006658891
-1.57970006452302
-1.57970005476712
-1.57970005528567
-1.5797000639611
-1.5797000601737
-1.57970005489672
-1.57970005744859
-1.57970006177148
-1.57970005851531
-1.57970005647823
-1.5797000575351
-1.57970005153319
-1.57970005343176
-1.57970005958093
-1.57970005662494
-1.57970005919515
-1.57970005792385
-1.57970005433155
-1.57970005399644
-1.57970005523363
-1.57970006082967
-1.57970005890795
-1.57970005169698
-1.57970005152208
-1.57970005494727
-1.57970005252986
-1.5797000531511
-1.57970005794563
-1.5797000568838
-1.57970005364755
-1.57970004907959
-1.57970004975953
-1.57970005568863
-1.57970005649227
-1.57970005425682
-1.57970004903187
-1.57970005074503
-1.57970004905174
-1.57970004760077
-1.5797000538966
-1.579700056505
-1.57970005287783
-1.57970004523664
-1.57970004421932
-1.57970005104657
-1.57970005224151
-1.57970005142585
-1.57970005143904
-1.57970005047786
-1.57970004703806
-1.57970004762205
-1.57970005287108
-1.57970004770975
-1.57970004110546
-1.57970004456376
-1.57970004806821
-1.57970004583769
-1.57970004544528
-1.57970004586171
-1.57970004631292
-1.57970004575723
-1.57970004529203
-1.57970004498584
-1.57970004463297
-1.57970004491265
-1.5797000430452
-1.5797000415923
-1.57970004584763
-1.57970004116711
-1.57970004188982
-1.5797000480844
-1.57970004321057
-1.57970003909283
-1.57970004857146
-1.57970004288868
-1.57970003573013
-1.57970004207602
-1.57970004016672
-1.57970004030716
-1.57970004066883
-1.5797000395933
-1.57970003976389
-1.57970003796658
-1.57970004160944
-1.57970004218186
-1.57970003710151
-1.57970003503127
-1.57970003971917
-1.57970003911938
-1.57970003665056
-1.57970003762281
-1.57970003755339
-1.5797000363288
-1.57970003474248
-1.57970003744202
-1.57970003775205
-1.57970003829341
-1.57970003598199
-1.57970003402794
-1.57970003258702
-1.57970003337301
-1.57970003205199
-1.57970002850148
-1.57970003332947
-1.57970003108988
-1.57970002889139
-1.57970003189531
-1.57970003098169
-1.57970003046725
-1.57970003134853
-1.57970003494073
-1.57970003163009
-1.57970003028686
-1.57970002682424
-1.57970002770541
-1.57970002861258
-1.57970002823654
-1.57970002936544
-1.57970003025194
-1.57970002764518
-1.57970002562021
-1.579700026923
-1.57970002291395
-1.5797000218193
-1.57970002445085
-1.5797000243526
-1.57970002685051
-1.57970002195341
-1.57970001967339
-1.5797000272268
-1.57970002548903
-1.57970001875695
-1.57970001768161
-1.57970002100234
-1.57970002015093
-1.57970001963038
-1.57970001998039
-1.5797000210861
-1.57970001976169
-1.57970001751615
-1.57970001737769
-1.57970001903851
-1.57970001742898
-1.57970001563416
-1.57970001537455
-1.57970001561125
-1.57970001931072
-1.57970001484715
-1.5797000125181
-1.57970001479278
-1.57970001339915
-1.57970001473934
-1.57970001519903
-1.5797000143867
-1.5797000117063
-1.57970000842086
-1.57970001092927
-1.57970001410877
-1.57970000895686
-1.57970000678486
-1.579700011172
-1.57970000986751
-1.57970000553912
-1.57970000765767
-1.5797000116581
-1.57970001020286
-1.57970000786698
-1.57970000774754
-1.57970000642556
-1.57970000320009
-1.57969999963995
-1.57970000282935
-1.57970000307009
-1.57970000209395
-1.57970000306431
-1.57970000097461
-1.57969999802238
-1.5797000007005
-1.57970000620695
-1.57970000197126
-1.5796999983219
-1.57969999899938
-1.57969999764253
-1.57969999559682
-1.57969999702389
-1.57970000086877
-1.57969999562229
-1.57969999139525
-1.57969999697235
-1.57969999815367
-1.57969999443492
-1.57969999267417
-1.5796999926165
-1.57969999575227
-1.57969999279533
-1.57969999147641
-1.57969999039344
-1.57969998733691
-1.57969998476567
-1.57969998688494
-1.57969998958744
-1.57969998721272
-1.57969998538722
-1.57969998580335
-1.57969998234992
-1.57969998458109
-1.57969998431912
-1.57969998567592
-1.57969998683927
-1.57969998288175
-1.5796999799913
-1.57969998090677
-1.57969998097134
-1.57969997912754
-1.57969997805395
-1.57969997996498
-1.57969997852047
-1.57969997596107
-1.57969997772962
-1.57969997653231
-1.57969997676952
-1.57969997552192
-1.57969997272482
-1.57969997501091
-1.5796999774285
-1.57969996787871
-1.57969997371572
-1.57969997534038
-1.57969997142655
-1.57969997335184
-1.57969997251954
-1.57969997012175
-1.5796999637618
-1.57969996480507
-1.57969996892661
-1.57969996715357
-1.57969996551998
-1.57969996480535
-1.57969996380017
-1.57969996329614
-1.57969996270071
-1.57969996108017
-1.57969995989827
-1.5796999618528
-1.57969996320698
-1.57969996218257
-1.57969996043083
-1.57969995805022
-1.57969995664106
-1.5796999576055
-1.579699956134
-1.57969995502592
-1.57969995123722
-1.5796999487197
-1.57969995235747
-1.57969994999349
-1.57969994888138
-1.57969994816934
-1.57969995176602
-1.57969995127081
-1.57969994833432
-1.57969994751751
-1.57969994612492
-1.57969994718502
-1.57969994857269
-1.57969994600884
-1.57969994449185
-1.57969994373336
-1.57969994273933
-1.57969994227898
-1.57969993993821
-1.57969993897778
-1.57969993863547
-1.57969993846429
-1.57969994002092
-1.57969993883794
-1.57969993617734
-1.57969993672421
-1.57969993676934
-1.5796999350598
-1.57969993355359
-1.57969993286191
-1.579699930266
-1.57969992956011
-1.57969992987165
-1.57969992839753
-1.57969992601123
-1.57969992601226
-1.57969992462032
-1.57969992741037
-1.57969992425514
-1.57969992304394
-1.57969992576827
-1.57969992386291
-1.57969992186922
-1.57969992287248
-1.57969992333037
-1.57969992086548
-1.57969992056358
-1.57969991987837
-1.57969991809818
-1.57969991328951
-1.57969991494519
-1.57969991314063
-1.57969991269798
-1.57969991438827
-1.57969991186341
-1.57969990815424
-1.57969991036903
-1.5796999104891
-1.57969991123059
-1.57969991031144
-1.57969990530952
-1.57969990541624
-1.57969990535844
-1.57969990510098
-1.5796999040582
-1.57969990364051
-1.5796999024422
-1.57969990148545
-1.57969990022744
-1.57969989902008
-1.57969989804784
-1.5796998994976
-1.57969989968941
-1.57969989826647
-1.57969989462031
-1.57969989286118
-1.57969989179107
-1.57969989283488
-1.57969989002952
-1.57969989074682
-1.5796998910734
-1.5796998879016
-1.57969988706559
-1.5796998873355
-1.57969988708693
-1.57969988214295
-1.57969988307966
-1.57969988144385
-1.57969988228175
-1.57969987957232
-1.57969988176911
-1.57969988178172
-1.57969988145349
-1.57969987987135
-1.57969987783506
-1.57969987912591
-1.57969987921909
-1.57969987407618
-1.57969987192517
-1.57969987189143
-1.57969987664664
-1.57969987217576
-1.57969986770223
-1.57969986946487
-1.57969987130474
-1.57969986944194
-1.57969986682583
-1.57969986694601
-1.57969986652278
-1.57969986616718
-1.57969986438852
-1.57969986322337
-1.57969986325418
-1.57969986378376
-1.57969986200921
-1.57969986129446
-1.57969985925497
-1.57969985708031
-1.57969985614636
-1.57969985582797
-1.57969985494247
-1.57969985546742
-1.57969985593817
-1.57969985195738
-1.57969985261089
-1.57969985201989
-1.5796998517193
-1.57969984778302
-1.57969984976
-1.57969984983384
-1.57969984827046
-1.57969984780586
-1.57969984671251
-1.57969984372935
-1.57969984267331
-1.57969984286132
-1.5796998411636
-1.57969983929629
-1.57969983712647
-1.57969983575965
-1.57969983528357
-1.57969983352409
-1.57969983307085
-1.57969982946912
-1.57969982977347
-1.57969983060081
-1.57969983009459
-1.57969982814084
-1.57969982420547
-1.57969982438479
-1.5796998255716
-1.57969982191468
-1.5796998219323
-1.57969982085792
-1.5796998215126
-1.57969982202795
-1.57969981965276
-1.57969981895329
-1.57969981834179
-1.57969981844528
-1.57969981874877
-1.57969981651277
-1.57969981472247
-1.5796998135186
-1.57969981327707
-1.57969981265954
-1.57969981132255
-1.57969981200283
-1.57969981195763
-1.57969980854344
-1.57969980705427
-1.57969980633236
-1.5796998081171
-1.57969980652165
-1.57969980574993
-1.57969980539816
-1.57969980497768
-1.57969980212984
-1.57969979855679
-1.5796998018713
-1.57969980033006
-1.57969979933075
-1.57969979647629
-1.57969979734715
-1.579699794037
-1.57969979492789
-1.57969979339717
-1.57969979219885
-1.57969979079105
-1.57969978855965
-1.57969978882774
-1.57969978821809
-1.57969978745425
-1.57969978621166
-1.57969978518252
-1.57969978432125
-1.57969978224933
-1.57969978213201
-1.5796997796483
-1.57969977937232
-1.57969977628013
-1.57969977643723
-1.57969977642004
-1.57969977561848
-1.57969977618133
-1.57969977198008
-1.57969977414907
-1.57969977069599
-1.57969977235871
-1.57969976908138
-1.57969976988597
-1.57969976775841
-1.57969976850029
-1.57969976694262
-1.57969976604924
-1.57969976317482
-1.57969976186065
-1.57969976436701
-1.57969976173994
-1.57969976353447
-1.57969975920953
-1.57969976059
-1.57969975787466
-1.57969975875276
-1.57969975582994
-1.57969975560799
-1.57969975437829
-1.57969975534855
-1.57969975165772
-1.57969975210222
-1.57969974875265
-1.57969974792103
-1.57969974763883
-1.57969974368366
-1.57969974151081
-1.5796997457748
-1.57969974677682
-1.5796997526264
-1.57969974703976
-1.57969974693485
-1.57969974347312
-1.57969973983004
-1.57969973782221
-1.57969973678317
-1.57969973704992
-1.57969973790506
-1.57969973787744
-1.57969973666274
-1.57969973620034
-1.57969973519255
-1.57969973735713
-1.57969973601142
-1.57969973495413
-1.5796997333129
-1.57969972782492
-1.57969972758031
-1.57969972667774
-1.57969972638219
-1.57969972132422
-1.57969972004175
-1.57969972220388
-1.5796997231228
-1.57969972212197
-1.57969972418701
-1.57969972403999
-1.5796997204258
-1.57969972194006
-1.57969972059649
-1.57969971969355
-1.57969971888347
-1.57969971861095
-1.57969971675047
-1.57969971612929
-1.57969971606821
-1.57969971695214
-1.5796997165752
-1.57969971494667
-1.57969971440137
-1.57969971394432
-1.5796997113248
-1.57969971029906
-1.57969970870024
-1.57969970711359
-1.5796997081687
-1.5796997068942
-1.57969970391119
-1.57969970588492
-1.57969970443771
-1.57969970390739
-1.5796997028651
-1.57969970249362
-1.57969970099147
-1.57969970044521
-1.57969970016269
-1.57969969999858
-1.57969969953865
-1.57969969985295
-1.57969969864803
-1.57969969542154
-1.57969969449479
-1.57969969353418
-1.57969969367061
-1.57969969446804
-1.57969969235786
-1.57969969217537
-1.57969969128756
-1.57969969170308
-1.57969969114542
-1.57969968964035
-1.57969969132046
-1.57969969186399
-1.57969968888019
-1.57969968704128
-1.57969968697319
-1.57969968666672
-1.57969968552797
-1.57969968429345
-1.57969968445414
-1.57969968362479
-1.57969968145074
-1.57969967994101
-1.579699676203
-1.57969967476878
-1.57969967576128
-1.57969967366888
-1.57969967377363
-1.57969967321561
-1.57969967404644
-1.57969967415558
-1.57969967646183
-1.57969967601287
-1.57969967285298
-1.57969967209541
-1.57969967214428
-1.57969967209202
-1.5796996721822
-1.57969967171923
-1.57969966977494
-1.5796996681937
-1.57969966985083
-1.57969967021299
-1.57969966544446
-1.57969966443897
-1.5796996645546
-1.57969966306091
-1.57969966224936
-1.57969966013171
-1.57969966115934
-1.57969966223859
-1.57969966040363
-1.5796996586919
-1.57969965803043
-1.57969965732889
-1.57969965817708
-1.57969965483078
-1.57969965699053
-1.57969965502438
-1.57969965434881
-1.57969965408848
-1.57969965432135
-1.57969965298372
-1.57969965186213
-1.5796996513711
-1.57969965123779
-1.57969965029856
-1.57969964874043
-1.57969964875766
-1.57969964634276
-1.57969964610243
-1.57969964492764
-1.57969964465246
-1.57969964302289
-1.57969964298305
-1.57969964176542
-1.57969964076434
-1.57969963897645
-1.57969963923586
-1.57969963820993
-1.57969963728692
-1.57969963593756
-1.57969963622963
-1.57969963518321
-1.57969963359571
-1.57969963199827
-1.57969963608947
-1.5796996389181
-1.57969963993477
-1.57969964261832
-1.57969964536607
-1.57969963992576
-1.5796996406916
-1.57969963954395
-1.57969963896692
-1.57969963891583
-1.57969963793608
-1.57969963765624
-1.57969963841467
-1.57969963753588
-1.57969963655822
-1.57969963519615
-1.57969963631585
-1.57969963647783
-1.57969963502087
-1.57969963517734
-1.57969963534825
-1.57969963481543
-1.57969963346525
-1.57969963284616
-1.57969963290394
-1.57969963152365
-1.57969963028215
-1.57969963044726
-1.57969963020056
-1.57969962924108
-1.57969962823209
-1.57969963033252
-1.57969962905296
-1.57969962894318
-1.57969962744276
-1.57969962856282
-1.57969962667156
-1.57969962657302
-1.5796996258495
-1.57969962551659
-1.5796996252144
-1.5796996251251
-1.57969962459696
-1.57969962451769
-1.57969962107535
-1.5796996223296
-1.57969962166318
-1.57969962126307
-1.57969962074044
-1.57969962140815
-1.57969962196522
-1.57969962094924
-1.57969962108704
-1.57969962060106
-1.57969962069907
-1.57969962098975
-1.57969962055149
-1.57969961989179
-1.57969962025782
-1.57969962035106
-1.57969961926164
-1.57969961910818
-1.57969961980834
-1.57969961940385
-1.57969961922543
-1.57969961946176
-1.57969961905853
-1.57969961904313
-1.57969961851315
-1.57969961818681
-1.57969961805789
-1.57969961781313
-1.57969961749641
-1.57969961452794
-1.57969961579134
-1.57969961690869
-1.57969961601739
-1.57969961488984
-1.57969961589143
-1.57969961625332
-1.57969961534642
-1.57969961383285
-1.57969961433662
-1.57969961387379
-1.57969961403093
-1.57969961457917
-1.57969961410382
-1.57969961439552
-1.57969961536708
-1.57969961537681
-1.57969961517774
-1.57969961501579
-1.57969961465727
-1.57969961492871
-1.57969961412312
-1.57969961446273
-1.57969961448719
-1.57969961402796
-1.57969961427732
-1.57969961403332
-1.57969961475037
-1.57969961412281
-1.57969961377828
-1.5796996143465
-1.57969961500995
-1.5796996144653
-1.57969961429377
-1.57969961425327
-1.57969961416506
-1.57969961389913
-1.57969961391459
-1.57969961399132
-1.57969961407538
-1.57969961404291
-1.57969961410969
-1.57969961411079
-1.57969961417939
-1.57969961413311
-1.57969961419053
-1.57969961413111
-1.57969961419966
-1.5796996141085
-1.57969961418864
-1.57969961406363
-1.5796996141742
-1.57969961399522
-1.57969961416294
-1.57969961389006
-1.57969961418225
-1.57969961370502
-1.57969961429864
-1.57969961430044
-1.57969961447562
-1.57969961462474
-1.57969961485822
-1.57969961505927
-1.57969961533715
-1.57969961553151
-1.57969961584693
-1.57969961600061
-1.57969961639701
-1.57969961643314
-1.57969961709376
-1.57969961574599
-1.57969961705277
-1.57969961790737
-1.57969961692152
-1.5796996181232
-1.57969961842936
-1.57969961791699
-1.57969961917393
-1.57969961945452
-1.57969961852806
-1.57969961864718
-1.57969961905282
-1.57969961958785
-1.5796996209463
-1.57969962096348
-1.57969961969806
-1.57969962010185
-1.57969961975019
-1.57969961975164
-1.57969961973234
-1.5796996204118
-1.57969962114219
-1.5796996211657
-1.57969962157256
-1.57969962188379
-1.57969962268351
-1.57969962233061
-1.57969962216753
-1.57969962316023
-1.57969962272424
-1.57969962216187
-1.57969962344887
-1.5796996244517
-1.57969962464796
-1.57969962474248
-1.57969962523482
-1.57969962588639
-1.57969962604102
-1.57969962576241
-1.57969962588958
-1.57969962631937
-1.57969962674827
-1.57969962712016
-1.57969962748654
-1.57969962787222
-1.57969962826187
-1.5796996286469
-1.57969962902551
-1.57969962940685
-1.57969962979075
-1.57969963018246
-1.57969963057684
-1.57969963097989
-1.57969963138466
-1.57969963179995
-1.57969963221519
-1.57969963264358
-1.57969963306857
-1.57969963351145
-1.57969963394486
-1.57969963440499
-1.57969963484364
-1.57969963515661
-1.57969963514367
-1.57969963566543
-1.5796996374113
-1.57969963787173
-1.57969963870299
-1.57969963942252
-1.57969963855758
-1.57969963916696
-1.57969964053219
-1.5796996416832
-1.5796996420891
-1.57969964100641
-1.57969964194586
-1.57969964221732
-1.57969964374954
-1.57969964404678
-1.57969964443134
-1.57969964455588
-1.57969964587015
-1.57969964485911
-1.57969964572166
-1.57969964556206
-1.57969964755301
-1.57969964988434
-1.57969964853519
-1.57969964921952
-1.57969965023056
-1.57969965064078
-1.57969965037064
-1.57969965051352
-1.57969965293372
-1.57969965353466
-1.5796996548445
-1.57969965556139
-1.57969965625936
-1.57969965742996
-1.57969965729347
-1.57969965585041
-1.57969965730806
-1.57969965894157
-1.57969966021332
-1.57969966149959
-1.57969966112948
-1.57969966150704
-1.5796996620862
-1.57969966188159
-1.57969966420935
-1.57969966506009
-1.57969966459311
-1.57969966504964
-1.57969966597921
-1.57969966607105
-1.57969966740729
-1.57969966737427
-1.57969966801346
-1.5796996692035
-1.57969966966577
-1.57969967076757
-1.57969967194826
-1.57969967346807
-1.5796996743888
-1.57969967485349
-1.57969967548897
-1.57969967596442
-1.57969967643529
-1.57969967710581
-1.57969967779498
-1.57969967861889
-1.57969967935176
-1.57969968020833
-1.57969968094327
-1.5796996818952
-1.57969968276508
-1.57969968362258
-1.57969968447535
-1.57969968531839
-1.57969968615411
-1.57969968699103
-1.57969968784241
-1.57969968868113
-1.57969968954246
-1.57969969037265
-1.57969969124028
-1.57969969205436
-1.57969969292525
-1.57969969371604
-1.5796996945917
-1.57969969535437
-1.57969969623991
-1.57969969696885
-1.57969969787303
-1.57969969856007
-1.57969969949697
-1.57969970012802
-1.57969970112083
-1.57969970166952
-1.57969970275943
-1.57969970317294
-1.57969970444024
-1.57969970587086
-1.57969970605728
-1.57969970668042
-1.57969970671025
-1.57969970876089
-1.57969971127341
-1.5796997129609
-1.57969971364842
-1.57969971461284
-1.57969971623711
-1.5796997188152
-1.57969972065623
-1.57969971864849
-1.57969972058499
-1.57969972265448
-1.57969972234069
-1.57969972267987
-1.57969972401825
-1.57969972448571
-1.57969972455291
-1.57969972621309
-1.57969972818735
-1.57969973065846
-1.57969973133216
-1.57969973183581
-1.57969973216034
-1.5796997327637
-1.57969973446085
-1.57969973870809
-1.57969973892773
-1.57969973801119
-1.57969973925925
-1.57969973944983
-1.57969973975421
-1.57969974136214
-1.57969974476777
-1.57969974590129
-1.57969974555855
-1.57969974704553
-1.57969974821959
-1.57969974899975
-1.57969975028171
-1.57969975167921
-1.57969975198781
-1.57969975185667
-1.57969975376229
-1.57969975557715
-1.57969975755939
-1.57969975995194
-1.579699761391
-1.57969976035681
-1.57969976048368
-1.57969976262378
-1.57969976484181
-1.57969976588223
-1.57969976756619
-1.57969976867809
-1.5796997707356
-1.57969977219569
-1.57969977445128
-1.57969977414342
-1.57969977417647
-1.57969977551635
-1.57969977788385
-1.57969977760511
-1.57969977939073
-1.5796997805939
-1.57969978050754
-1.57969978342129
-1.5796997842325
-1.57969978333269
-1.57969978618171
-1.57969978988133
-1.57969979004098
-1.57969978972731
-1.57969979171164
-1.57969979347937
-1.57969979441749
-1.57969979529434
-1.57969979702553
-1.57969979850333
-1.57969980001247
-1.57969980007589
-1.57969980028632
-1.57969980257752
-1.57969980458607
-1.57969980663142
-1.57969980848225
-1.57969980981171
-1.57969981123758
-1.57969981250711
-1.57969981544698
-1.57969981672014
-1.57969981714084
-1.57969981874768
-1.57969981919005
-1.57969982007616
-1.57969982416155
-1.57969982588293
-1.57969982549389
-1.57969982712947
-1.57969982861109
-1.57969982886037
-1.5796998294508
-1.57969983133395
-1.57969983336274
-1.57969983489173
-1.57969983692108
-1.57969983896112
-1.57969984035475
-1.57969984111425
-1.57969984602157
-1.57969984598971
-1.57969984382972
-1.5796998463508
-1.57969984931758
-1.57969985140523
-1.57969985151361
-1.57969985125085
-1.5796998547426
-1.57969985798955
-1.57969985931079
-1.57969985848317
-1.57969985775609
-1.57969986155003
-1.57969986704182
-1.57969986545561
-1.57969986545334
-1.57969987015282
-1.57969987367207
-1.57969987092224
-1.57969987194905
-1.57969987601873
-1.57969987484312
-1.57969987638303
-1.57969987877632
-1.57969988090559
-1.57969988186856
-1.57969988363391
-1.57969988843208
-1.57969988802231
-1.57969989043434
-1.57969989018368
-1.57969989063767
-1.57969989424237
-1.57969989506481
-1.57969989750563
-1.57969989905368
-1.57969990261224
-1.57969990207573
-1.57969990275451
-1.57969990822223
-1.57969990871829
-1.57969990675234
-1.57969990993694
-1.57969991405452
-1.5796999142729
-1.57969991350861
-1.57969991879963
-1.57969991855056
-1.57969991992083
-1.57969992212933
-1.57969992421606
-1.57969992490752
-1.57969992458852
-1.57969992814229
-1.57969993253184
-1.57969993271844
-1.57969993269496
-1.57969993652847
-1.57969993668614
-1.57969993977007
-1.57969993980759
-1.57969994225954
-1.57969994327592
-1.57969994479779
-1.57969994717059
-1.57969994945542
-1.57969995085909
-1.57969995089829
-1.57969995367653
-1.5796999580753
-1.57969995796416
-1.57969995853423
-1.57969996157329
-1.57969996488422
-1.57969996522087
-1.57969996469656
-1.57969996997252
-1.57969996983696
-1.57969997024011
-1.57969997354943
-1.57969997738584
-1.57969997645473
-1.57969997823738
-1.57969997954211
-1.57969998307885
-1.5796999832511
-1.57969998524966
-1.5796999867573
-1.57969998896266
-1.57969999267922
-1.57969999254026
-1.57969999575883
-1.5796999954254
-1.57969999641416
-1.5797000010812
-1.57970000066153
-1.57970000161249
-1.57970000281888
-1.57970000514985
-1.5797000107875
-1.57970001094096
-1.57970001255336
-1.57970001348091
-1.57970001480842
-1.57970001626328
-1.57970001785448
-1.57970001997994
-1.5797000229932
-1.5797000264037
-1.57970002722526
-1.57970002737338
-1.57970002989628
-1.5797000325593
-1.57970003308741
-1.57970003363545
-1.57970003578877
-1.57970003867236
-1.57970004078359
-1.57970004147476
-1.57970004248916
-1.57970004461248
-1.57970004733113
-1.57970004990839
-1.57970005116584
-1.57970005151492
-1.57970005384753
-1.57970005750663
-1.57970005934956
-1.57970005935242
-1.57970006060616
-1.57970006344699
-1.5797000657402
-1.57970006681802
-1.57970006730978
-1.57970006884824
-1.57970007199417
-1.57970007495524
-1.5797000748044
-1.57970007385265
-1.57970007827411
-1.5797000837721
-1.5797000838577
-1.57970008363903
-1.57970008493933
-1.57970008505844
-1.57970008739355
-1.57970009055217
-1.57970009405622
-1.57970009557531
-1.57970009580269
-1.57970009737383
-1.57970010020825
-1.57970010393762
-1.57970010553712
-1.57970010576305
-1.57970010938571
-1.57970011084309
-1.57970011078202
-1.57970011331022
-1.57970011458102
-1.57970011448681
-1.57970011652711
-1.57970011898768
-1.57970012097398
-1.57970012335005
-1.57970012607895
-1.57970012915208
-1.57970012836199
-1.57970013097947
-1.57970013377494
-1.57970013409609
-1.57970013515747
-1.57970013503441
-1.57970013644329
-1.57970014164976
-1.57970014539697
-1.57970014430619
-1.57970014491268
-1.57970014654777
-1.57970014884312
-1.57970015125011
-1.57970015253525
-1.57970015422211
-1.57970015505032
-1.57970015669996
-1.57970015896732
-1.57970016107396
-1.5797001629218
-1.57970016472578
-1.5797001664227
-1.57970016820735
-1.57970017294944
-1.57970017344568
-1.57970017316385
-1.57970017658889
-1.57970017736144
-1.57970017784681
-1.57970017962243
-1.57970018146263
-1.57970018447495
-1.57970018626038
-1.57970018588745
-1.57970018808632
-1.5797001900127
-1.57970019107767
-1.57970019258243
-1.57970019512454
-1.57970019727918
-1.57970019891238
-1.57970020010917
-1.57970020217084
-1.57970020566238
-1.57970020823615
-1.57970020830887
-1.57970020926621
-1.57970021161411
-1.57970021274905
-1.57970021370256
-1.57970021548359
-1.57970021812224
-1.5797002200802
-1.57970022088361
-1.57970022244535
-1.57970022382056
-1.57970022466512
-1.5797002247399
-1.57970022711773
-1.57970023022112
-1.57970023170208
-1.57970023218727
-1.5797002345861
-1.57970023724291
-1.57970023984295
-1.57970024169829
-1.57970024214565
-1.57970024344824
-1.57970024468512
-1.57970024616213
-1.57970024778284
-1.57970024895216
-1.5797002492959
-1.57970025139447
-1.57970025383552
-1.5797002562025
-1.57970025758698
-1.57970025941866
-1.57970026149751
-1.57970026172287
-1.57970026352023
-1.57970026571664
-1.57970026644009
-1.57970026618241
-1.5797002688396
-1.57970027265459
-1.57970027472266
-1.57970027510423
-1.57970027626535
-1.5797002774128
-1.57970027906253
-1.57970028087065
-1.57970028152805
-1.57970028233454
-1.57970028501954
-1.57970028606915
-1.57970028813794
-1.57970028946663
-1.57970029035175
-1.57970029226295
-1.57970029366048
-1.57970029556076
-1.57970029650871
-1.57970029755023
-1.57970029800172
-1.57970030105992
-1.57970030432235
-1.57970030465248
-1.57970030461827
-1.579700306687
-1.57970030845643
-1.57970030977279
-1.57970031073239
-1.57970031065853
-1.5797003124017
-1.57970031536234
-1.57970031820575
-1.57970032002556
-1.57970031891376
-1.57970031964031
-1.57970032145543
-1.5797003225805
-1.57970032422963
-1.57970032654596
-1.57970032847295
-1.57970032966592
-1.57970033119238
-1.57970033250343
-1.57970033317122
-1.57970033365243
-1.57970033423528
-1.57970033655626
-1.57970034006816
-1.57970034266594
-1.57970034215661
-1.579700340607
-1.57970034197268
-1.5797003459869
-1.57970034728014
-1.57970034756082
-1.57970034888791
-1.57970035013288
-1.57970035208569
-1.57970035292378
-1.57970035445368
-1.57970035545321
-1.57970035601895
-1.57970035635816
-1.57970035776344
-1.57970035971476
-1.57970036104973
-1.57970036309473
-1.57970036431615
-1.57970036539523
-1.57970036636045
-1.57970036622978
-1.57970036696721
-1.57970036917765
-1.57970037152216
-1.57970037194633
-1.57970037305594
-1.57970037497749
-1.57970037641464
-1.57970037679118
-1.57970037693516
-1.57970037677932
-1.57970038006761
-1.57970038121429
-1.57970038234574
-1.5797003811178
-1.57970038132477
-1.57970038522998
-1.57970038775722
-1.57970038825814
-1.57970038794202
-1.57970038794669
-1.579700388519
-1.57970039021843
-1.57970039222856
-1.57970039335687
-1.57970039353162
-1.5797003940203
-1.57970039560835
-1.57970039722853
-1.57970039810302
-1.57970039832089
-1.57970039875905
-1.57970040083755
-1.57970040194881
-1.57970040182434
-1.57970040214225
-1.57970040438751
-1.57970040609505
-1.57970040540565
-1.57970040557627
-1.57970040841457
-1.57970040923586
-1.57970040969217
-1.57970041054507
-1.57970041027939
-1.57970041382645
-1.57970041266552
-1.57970041362132
-1.57970041339974
-1.57970041524967
-1.57970041640668
-1.57970041718934
-1.57970041799348
-1.57970041909429
-1.57970042069949
-1.57970042180176
-1.57970042130908
-1.57970042166059
-1.57970042217338
-1.57970042307
-1.57970042418564
-1.57970042590104
-1.5797004259105
-1.57970042662123
-1.57970042746015
-1.57970042795452
-1.57970042937988
-1.57970042783178
-1.5797004301149
-1.57970042697014
-1.57970043017707
-1.57970042995433
-1.57970043473959
-1.57970043384335
-1.57970043206485
-1.5797004331325
-1.57970043487704
-1.57970043490359
-1.57970043507915
-1.57970043497002
-1.57970043604236
-1.57970043710637
-1.57970043725124
-1.57970043783785
-1.57970043769528
-1.57970043906093
-1.57970043891766
-1.57970043975203
-1.57970044114229
-1.57970044141433
-1.57970044148691
-1.57970044140444
-1.57970044203104
-1.57970044302577
-1.57970044259556
-1.57970044308782
-1.57970044429301
-1.57970044464595
-1.57970044523431
-1.57970044598466
-1.5797004458931
-1.57970044625853
-1.57970044626904
-1.57970044624574
-1.57970044715564
-1.57970044885934
-1.57970044814812
-1.57970044833721
-1.57970044965706
-1.57970044910172
-1.57970044888076
-1.57970044995975
-1.5797004496132
-1.57970044972765
-1.57970044980009
-1.57970045089964
-1.57970045096136
-1.57970045123161
-1.579700451568
-1.57970045208717
-1.57970045227619
-1.57970045172759
-1.57970045292185
-1.57970045245552
-1.57970045139976
-1.57970045260093
-1.57970045274818
-1.57970045252464
-1.57970045334307
-1.57970045376065
-1.57970045252605
-1.57970045290669
-1.57970045313289
-1.57970045216265
-1.57970045399363
-1.57970045440033
-1.57970045411705
-1.57970045387589
-1.57970045478789
-1.57970045403001
-1.57970045412546
-1.57970045397059
-1.57970045472896
-1.5797004542098
-1.57970045474923
-1.57970045393873
-1.57970045465294
-1.57970045386846
-1.57970045436983
-1.57970045343481
-1.57970045402374
-1.57970045337346
-1.57970045365414
-1.5797004532177
-1.57970045478574
-1.57970045484962
-1.57970045331859
-1.57970045436785
-1.57970045377898
-1.57970045417103
-1.57970045366345
-1.57970045340519
