1.55575766767864
1.55575990448841
1.55574167481839
1.5557038682101
1.55587714431246
1.55580311105552
1.55575394845291
1.5558293283188
1.5557107828247
1.55566321575085
1.55564104417473
1.55579717581084
1.55573592230448
1.55579034825218
1.55572052312889
1.55578939311028
1.55574992302584
1.55580145034102
1.55579174407222
1.55579958396614
1.55579446569763
1.55579388858124
1.55578995509135
1.55578993950931
1.55578911877852
1.55578990200511
1.55579056447052
1.5557915432929
1.5557924191223
1.55579320817466
1.55579383902434
1.55579436854429
1.55579480954123
1.55579520292154
1.55579555547893
1.55579588235891
1.55579619470913
1.55579648472111
1.55579677696703
1.55579702943234
1.55579725703876
1.55579749456036
1.55579767384317
1.55579785341314
1.55579802165103
1.55579815754311
1.55579830833682
1.55579842431438
1.55579854427573
1.5557986380113
1.55579874143676
1.55579882773058
1.55579891448991
1.55579897533732
1.55579905262939
1.55579910252054
1.5557991630989
1.55579920235964
1.55579925012744
1.55579929573339
1.55579932588764
1.55579935843337
1.55579939555645
1.55579942485986
1.55579945063088
1.5557994788654
1.55579949106335
1.55579951601878
1.55579952847398
1.5557995439051
1.55579955820628
1.55579958221349
1.55579958343787
1.55579959936987
1.55579961420705
1.55579961636241
1.55579963456955
1.55579963455205
1.55579964854275
1.55579965204875
1.55579965683231
1.55579966286203
1.55579967453375
1.55579967704712
1.55579968427548
1.55579968792556
1.55579969313324
1.55579970138914
1.55579969853681
1.55579969895437
1.55579970366809
1.55579970204778
1.55579971217741
1.55579971124455
1.5557997186144
1.55579971143555
1.55579972582767
1.5557997217173
1.55579973012553
1.55579972591582
1.55579973027409
1.5557997327303
1.5557997370701
1.55579973844166
1.55579973562447
1.55579975247852
1.55579974225796
1.55579975404769
1.5557997492247
1.55579975333119
1.55579974390925
1.55579975254837
1.55579974735409
1.55579975423097
1.55579975733845
1.55579975753004
1.55579977236799
1.55579978122118
1.55579977514824
1.5557997754071
1.55579977398312
1.55579977325981
1.55579977300988
1.55579978143769
1.55579976785256
1.55579977638414
1.55579977880927
1.55579977321856
1.55579978118458
1.55579978006807
1.55579978354976
1.55579978146094
1.55579978704015
1.5557997860989
1.55579978686692
1.55579979339514
1.55579979153955
1.5557997997772
1.55579980088967
1.55579980583058
1.55579980057144
1.55579980512056
1.55579980097367
1.55579980620218
1.55579980365991
1.55579980867848
1.55579981329352
1.55579981369728
1.55579981694016
1.55579982663466
1.55579981357041
1.55579982341047
1.55579982372692
1.55579981788279
1.55579982627375
1.55579982507247
1.55579982290484
1.55579982933836
1.55579982270418
1.5557998263406
1.55579984030168
1.555799831462
1.55579984165977
1.55579984104646
1.55579984119126
1.55579983779414
1.55579985160521
1.55579984422373
1.55579984548342
1.55579984768119
1.55579984689223
1.55579984775011
1.55579984963727
1.55579985089479
1.55579985637729
1.55579986252069
1.55579985930355
1.55579986346077
1.55579986745134
1.55579986372112
1.55579986778515
1.55579986622708
1.55579986877432
1.55579986785782
1.55579987181454
1.55579987041752
1.55579987550853
1.5557998802128
1.55579987858482
1.55579988025797
1.55579987938029
1.5557998862088
1.55579988323667
1.55579988994215
1.55579988773288
1.55579989142518
1.55579989050944
1.55579989525435
1.55579989623
1.55579989420201
1.55579990053094
1.5557998940082
1.55579989980249
1.55579990414354
1.55579990278982
1.555799906564
1.55579990718828
1.55579990920165
1.55579990986669
1.55579991738999
1.55579992244813
1.55579992118857
1.55579992288644
1.55579991711801
1.55579991762234
1.5557999237066
1.55579992004585
1.55579992724544
1.55579992047214
1.55579992671946
1.55579991967384
1.55579993063122
1.55579992272165
1.55579993580749
1.55579993341376
1.55579993727845
1.55579994193493
1.55579993234689
1.55579994221328
1.55579993671874
1.55579994794662
1.55579994452527
1.5557999484929
1.55579994504798
1.55579995392874
1.55579995515786
1.55579996125656
1.55579995179915
1.55579995723451
1.55579996045572
1.55579995936534
1.55579996155335
1.55579996267702
1.55579996521948
1.55579996537819
1.55579997042588
1.55579997060667
1.55579997318184
1.55579997446191
1.55579997519955
1.55579997687801
1.55579997817937
1.55579997912472
1.55579998032848
1.55579998155128
1.55579998299904
1.55579998437543
1.55579998592208
1.55579998735698
1.5557999889398
1.55579999037276
1.55579999193862
1.55579999332252
1.55579999482254
1.55579999625083
1.55579999778422
1.55579999922542
1.55580000074327
1.55580000217834
1.55580000368064
1.55580000511181
1.55580000659932
1.55580000794347
1.55580000939047
1.55580001077314
1.55580001223794
1.55580001365331
1.5558000151099
1.55580001654762
1.55580001798937
1.55580001944677
1.55580002088845
1.55580002224739
1.55580002373187
1.55580002508782
1.5558000265041
1.55580002786448
1.55580002927799
1.55580003066325
1.55580003207935
1.55580003349033
1.55580003489383
1.5558000361782
1.55580003764882
1.55580003896254
1.55580004043954
1.55580004167251
1.55580004316411
1.55580004431682
1.55580004586185
1.55580004692209
1.55580004857566
1.55580004947527
1.5558000513645
1.55580005189263
1.55580005440679
1.55580005385797
1.55580005897879
1.55580005496054
1.55580005820826
1.55580005883762
1.55580006313345
1.55580006359266
1.55580006224021
1.55580006547016
1.55580007244979
1.55580006946171
1.55580006769859
1.55580006538257
1.55580007236004
1.55580007246589
1.55580007689811
1.55580008163294
1.55580007805883
1.55580007684473
1.55580006819244
1.55580008243361
1.55580008304968
1.55580008730753
1.55580008431419
1.55580008113447
1.5558000815743
1.55580008369724
1.55580008045369
1.55580009203878
1.55580009116833
1.55580009663172
1.55580009562817
1.55580009820738
1.55580010238523
1.5558000976787
1.55580009547972
1.55580009569476
1.5558000986267
1.55580009392396
1.55580008860769
1.55580010194015
1.55580010790925
1.55580010923473
1.55580010776257
1.55580010904863
1.55580011067436
1.55580010931613
1.55580011073892
1.55580011093749
1.55580011332303
1.55580011475376
1.55580011516695
1.55580011726071
1.55580011746748
1.55580011869477
1.55580012001225
1.5558001208911
1.55580012170516
1.55580012254644
1.55580012345573
1.55580012435418
1.55580012527311
1.55580012622292
1.55580012719708
1.55580012817126
1.55580012914534
1.55580013011434
1.55580013107863
1.55580013203606
1.55580013298493
1.55580013393021
1.55580013486588
1.55580013580213
1.55580013672551
1.555800137654
1.5558001385644
1.55580013948623
1.55580014038181
1.55580014129868
1.55580014217635
1.555800143092
1.5558001439462
1.55580014486855
1.55580014568787
1.55580014663426
1.5558001473929
1.55580014840425
1.55580014905418
1.55580014916312
1.55580014952501
1.55580015018945
1.55580015097867
1.55580015171859
1.55580015247702
1.55580015325653
1.55580015400045
1.55580015472327
1.5558001554428
1.55580015616726
1.55580015688045
1.55580015759814
1.55580015830564
1.55580015901881
1.55580015971399
1.55580016041458
1.55580016109218
1.55580016177783
1.55580016243512
1.55580016310513
1.55580016374046
1.5558001643959
1.55580016500714
1.55580016565006
1.55580016623291
1.55580016686791
1.55580016741364
1.55580016805231
1.55580016854087
1.55580016921417
1.55580016959236
1.55580017039196
1.55580017049646
1.55580017172802
1.55580017097974
1.55580017381157
1.55580016983895
1.55580017286427
1.55580017376417
1.55580017505488
1.55580017487243
1.55580017544777
1.55580017609247
1.55580017532848
1.55580017435314
1.55580017477175
1.55580017128752
1.55580017401873
1.55580017507335
1.55580017568426
1.55580016411162
1.55580016475733
1.55580017758063
1.55580018012765
1.55580017783639
1.55580017714225
1.55580018027953
1.55580018113237
1.55580017509064
1.55580017588028
1.55580018043742
1.55580018141231
1.55580018244036
1.55580018285983
1.55580018356044
1.55580018328347
1.55580018378056
1.55580018375554
1.5558001829563
1.55580018034137
1.55580018153463
1.55580019247046
1.55580018416765
1.55580017663096
1.55580017481295
1.55580018311261
1.55580017368028
1.55580017268434
1.55580018309962
1.55580018352143
1.55580018510335
1.55580018485142
1.5558001856067
1.55580018542717
1.55580018511278
1.55580018537656
1.55580018486783
1.55580018501125
1.55580018472404
1.55580018381804
1.55580018457903
1.5558001843837
1.55580018484287
1.55580018554605
1.55580018531402
1.55580018545058
1.55580018499839
1.55580018454443
1.55580018457216
1.55580018400089
1.55580018357878
1.55580018371354
1.55580018412543
1.5558001834994
1.55580018312565
1.55580018244912
1.55580018341895
1.55580018378745
1.55580018335082
1.55580018299539
1.55580018417394
1.5558001848011
1.55580018758659
1.55580018113575
1.55580017963693
1.55580017988777
1.55580017660424
1.55580017946648
1.55580017975886
1.55580017440763
1.55580017640194
1.55580018135305
1.55580018057593
1.55580018100155
1.55580018325992
1.55580017997934
1.55580017948593
1.55580017117056
1.55580018440698
1.55580019479621
1.55580017943205
1.55580017504497
1.55580017101967
1.5558001667634
1.55580017042552
1.55580017547058
1.55580017306426
1.55580017446441
1.55580017139424
1.55580017690629
1.5558001699912
1.55580017101358
1.55580017396213
1.55580016793401
1.55580016781495
1.55580016862358
1.55580016741923
1.55580016460103
1.555800166569
1.55580017367443
1.55580016613705
1.55580016416848
1.55580016419419
1.55580016501168
1.55580016083601
1.55580016177271
1.55580016179937
1.55580015967688
1.55580016094316
1.5558001625634
1.55580015835772
1.55580016309419
1.55580015583361
1.55580015886807
1.55580015571494
1.55580015032088
1.55580015016408
1.55580015027151
1.55580015158262
1.55580015843479
1.55580016402204
1.55580015289769
1.55580015472085
1.55580016013607
1.5558001459514
1.55580014160104
1.5558001445286
1.55580013959053
1.55580012996117
1.55580014120654
1.55580013374372
1.55580012277447
1.55580014022106
1.55580014031586
1.55580013761141
1.55580013926389
1.55580013931145
1.55580013477523
1.55580013319449
1.55580015733625
1.55580016851128
1.55580013611165
1.5558001293286
1.55580012908576
1.55580012135651
1.5558001211893
1.55580012196789
1.55580012442805
1.5558001268788
1.55580012406561
1.5558001197579
1.55580011628968
1.55580011237954
1.55580012186369
1.55580012156196
1.55580011561391
1.55580011470279
1.55580011954688
1.55580011144657
1.55580010800991
1.55580010922575
1.55580010850107
1.55580011281062
1.55580010325695
1.55580010811654
1.55580010977514
1.55580010739438
1.55580009790911
1.55580009503653
1.55580009569813
1.55580009568067
1.55580009624723
1.5558000974237
1.55580010136572
1.55580009125114
1.55580009131369
1.55580008736153
1.55580008884799
1.55580008816722
1.55580008984805
1.55580008188193
1.55580006764215
1.55580007864758
1.55580008009212
1.55580008479901
1.55580007806243
1.55580007609538
1.55580007407923
1.55580006992458
1.55580007111625
1.55580007388777
1.55580006950088
1.55580006827095
1.55580007286806
1.55580006274685
1.55580006140695
1.55580006071156
1.55580005557198
1.55580005735547
1.55580006465784
1.55580005443819
1.55580005313505
1.55580005535108
1.555800057802
1.55580004702594
1.55580004991917
1.55580004116048
1.5558000400733
1.55580003859742
1.555800038872
1.55580004256472
1.55580004249355
1.55580005265923
1.55580003473551
1.5558000336317
1.55580003132121
1.55580002332409
1.55580002643871
1.55580002056799
1.55580001787976
1.55580001643945
1.55580002717275
1.55580003915082
1.5558000138917
1.55580001681632
1.55580001837747
1.55580002837759
1.55580001223716
1.55580001106371
1.55580001155714
1.555800005623
1.55579999634791
1.55579999621321
1.55579999670358
1.55579999356676
1.55579999767872
1.55579999605864
1.55579998251295
1.55579998311852
1.55579998673393
1.55579998550685
1.55579998331947
1.55579998661224
1.55579998183031
1.55579997171791
1.55579997583122
1.55579996799794
1.55579995246946
1.55579996842799
1.55579996359445
1.55579993588389
1.55579996046913
1.55579996806496
1.55579995913939
1.55579996326931
1.55579996688995
1.5557999576749
1.55579996253712
1.55579994916998
1.55579995229947
1.55579995448541
1.55579993992417
1.55579994094676
1.55579994921617
1.55579993945942
1.55579993717633
1.55579993925524
1.5557999269944
1.5557999306011
1.55579993768883
1.55579992805994
1.55579989982072
1.5557999197811
1.55579991605409
1.55579991052953
1.55579990388978
1.55579990451947
1.55579991159491
1.5557999174286
1.55579990861513
1.55579988618745
1.55579990519338
1.5557998973324
1.55579989493604
1.55579991449196
1.55579989127742
1.55579989321769
1.55579989711446
1.55579989190263
1.55579988338454
1.55579989097484
1.55579988613731
1.55579987512159
1.55579983605988
1.55579987177662
1.55579985909738
1.55579985044708
1.555799865395
1.55579986780768
1.55579987060379
1.55579985962166
1.55579986214776
1.55579985587878
1.55579986030131
1.55579986870238
1.55579985675606
1.55579983961794
1.55579984629943
1.55579985586246
1.55579984118314
1.55579983919979
1.55579983647361
1.55579982758515
1.5557998314307
1.55579983699633
1.55579984118866
1.55579982756485
1.55579983374108
1.5557998304576
1.55579981956991
1.55579981378612
1.55579981587481
1.55579981191432
1.55579980906113
1.55579980835714
1.55579981317779
1.55579981101242
1.55579980143466
1.55579980332541
1.55579979396513
1.55579979574937
1.55579979461157
1.55579979990315
1.55579978992198
1.55579978754072
1.5557997905834
1.55579979169838
1.55579978029386
1.5557997750394
1.55579976403062
1.55579977699014
1.55579978203624
1.55579977477413
1.55579976939915
1.55579977757135
1.5557997727544
1.55579976553393
1.55579976787879
1.55579975513078
1.55579974955246
1.55579975770451
1.55579974561369
1.55579972604938
1.5557997479086
1.55579975498222
1.55579974910584
1.5557997476326
1.5557997375181
1.55579973423934
1.55579974832736
1.55579973849967
1.55579972454665
1.55579973196184
1.55579973370226
1.55579971738657
1.55579972548612
1.55579972801487
1.55579971126016
1.55579973236886
1.5557997612515
1.55579971605042
1.5557997018163
1.55579970498684
1.55579970556162
1.55579971638905
1.55579969779
1.55579968842542
1.5557996934325
1.55579970664401
1.5557996940004
1.5557996911013
1.55579968303928
1.55579968201775
1.55579968382818
1.55579968410655
1.55579967995695
1.55579968133341
1.55579968136886
1.55579967748022
1.55579967683115
1.55579966973542
1.55579966949697
1.55579966903745
1.55579966595869
1.55579966508242
1.55579966326781
1.55579967070469
1.55579966538047
1.55579965154879
1.55579964455535
1.5557996460138
1.55579964934077
1.55579964478799
1.5557996449216
1.55579964986463
1.55579965833794
1.55579965402902
1.5557996410545
1.55579963102599
1.5557996352522
1.55579963782478
1.55579963365925
1.55579962990949
1.55579963352766
1.55579962345606
1.55579962726412
1.55579962408225
1.55579961113253
1.55579962141172
1.55579962031917
1.55579962355425
1.55579961189634
1.5557996157599
1.55579960151599
1.55579959883824
1.5557996002122
1.5557996160302
1.55579960456581
1.55579960473675
1.55579959481964
1.55579959239209
1.55579959688193
1.55579959829287
1.55579960720668
1.55579958407083
1.55579957840005
1.55579957802143
1.55579959717456
1.55579960870994
1.55579958351199
1.55579957801953
1.55579959160602
1.55579957631564
1.55579957474176
1.55579957540721
1.55579955874703
1.55579956868166
1.55579958293513
1.55579956586961
1.55579957041671
1.55579958141107
1.55579956535083
1.55579956386853
1.55579957005341
1.55579955856148
1.55579956147367
1.55579955058338
1.55579955877539
1.55579956544367
1.55579954352097
1.55579954181008
1.55579956153377
1.55579956145512
1.55579954445252
1.55579954568724
1.5557995307019
1.55579953920906
1.55579955908203
1.55579956131557
1.55579953216827
1.55579954037453
1.55579955307374
1.55579952992893
1.5557995365923
1.55579956040202
1.55579953131714
1.55579951692954
1.5557995413779
1.55579954289806
1.55579953064263
1.55579952368903
1.55579954358444
1.55579953803097
1.55579952057104
1.55579950894934
1.55579953221231
1.55579953720621
1.55579952510442
1.5557995113457
1.55579953614469
1.55579952335286
1.5557994990922
1.5557995080446
1.55579952777244
1.55579951671525
1.55579950819031
1.55579951845787
1.55579953180866
1.55579951997048
1.55579952395246
1.55579951086584
1.55579950444559
1.55579949987577
1.55579950089307
1.55579952363643
1.55579952929199
1.55579949814601
1.55579948439798
1.5557995115954
1.55579951446345
1.55579949913541
1.55579950526224
1.55579952411942
1.55579950055322
1.55579950441153
1.55579948755449
1.55579949188386
1.55579951601419
1.55579952398673
1.55579948773537
1.55579948097722
1.55579950969564
1.55579952102709
1.55579950003873
1.55579946814643
1.55579948879453
1.55579951206018
1.55579950559341
1.55579948796264
1.5557995065398
1.55579950608045
1.5557994917586
1.55579949126102
1.55579950747237
1.55579950041065
1.55579949224014
1.55579949892128
1.55579948419646
1.5557994883713
1.55579951111134
1.55579950054561
1.55579949208913
1.55579949316762
1.55579949575636
1.55579950679853
1.55579950147915
1.55579949574033
1.55579950357236
1.5557994875709
1.55579949405335
1.55579948555226
1.55579949361133
1.55579950162628
1.55579950392352
1.55579949743866
1.55579947869848
1.55579947871578
1.55579950359157
1.55579951717807
1.55579948782492
1.55579948984585
1.55579950399518
1.55579950782578
1.55579948779972
1.55579949746278
1.55579950581512
1.55579949988292
1.5557995078527
1.55579951306685
1.55579949115167
1.55579949704223
1.55579949126968
1.55579949837346
1.55579950851173
1.5557995098702
1.55579950788345
1.55579949183662
1.55579948990915
1.55579950833692
1.55579951628545
1.55579951020328
1.55579950769077
1.55579950871744
1.55579949398485
1.55579949423841
1.55579950545203
1.55579952027096
1.55579952310637
1.55579950549172
1.55579949591392
1.55579949875126
1.55579951704716
1.55579952226345
1.55579952294105
1.55579952756733
1.55579950834566
1.55579949722552
1.55579950464338
1.55579952641117
1.55579953882642
1.55579952111865
1.55579951308774
1.55579951363905
1.55579951622376
1.55579951766326
1.55579952634972
1.5557995307315
1.55579951326327
1.55579952300752
1.55579954408583
1.55579954386844
1.55579952849804
1.55579953142727
1.55579953290602
1.55579953438116
1.55579953164342
1.55579953452522
1.55579953580016
1.55579953865599
1.55579953936635
1.55579954189329
1.55579954106977
1.55579955144976
1.55579954013789
1.55579954991604
1.55579955085485
1.55579953834799
1.55579954100948
1.55579956025272
1.55579954192273
1.55579954340124
1.55579957031931
1.5557995593486
1.5557995579439
1.55579955950681
1.55579955770984
1.55579956199961
1.55579955899174
1.5557995680856
1.55579956161485
1.55579955731368
1.55579956833481
1.55579957994045
1.55579957171898
1.55579956631844
1.5557995757299
1.55579957430139
1.55579957719736
1.55579957821133
1.55579958592894
1.55579957467012
1.55579957519611
1.55579957496434
1.55579958939095
1.55579959302931
1.5557995984897
1.55579959864299
1.55579958260843
1.55579960186133
1.55579959192112
1.55579959429399
1.55579960386078
1.55579960286405
1.55579959899833
1.55579960714781
1.55579962991602
1.55579960489796
1.5557996135098
1.5557996173755
1.55579962488688
1.55579962157939
1.55579961887022
1.55579961844092
1.55579961635596
1.55579961603806
1.55579962509526
1.55579963325899
1.55579963424086
1.55579963851325
1.55579964801546
1.5557996399868
1.55579963804369
1.55579963372675
1.55579964157029
1.55579965216362
1.55579964062189
1.55579963693197
1.55579965575629
1.55579966596146
1.55579966122124
1.55579965672815
1.55579966214991
1.55579965804714
1.55579966160104
1.55579966177126
1.55579967254565
1.55579967154959
1.55579967363797
1.55579967162929
1.55579968150975
1.55579967960739
1.55579968430756
1.55579967612314
1.55579968244166
1.55579969389099
1.55579969001069
1.55579969373085
1.55579969346375
1.55579969141548
1.55579968333154
1.55579969783557
1.55579970736837
1.55579970864624
1.55579970338071
1.55579971095844
1.55579972137417
1.55579971669474
1.5557997142047
1.55579972598651
1.55579972675349
1.55579971336559
1.55579971855364
1.55579973140471
1.55579973452456
1.555799736724
1.55579974463307
1.5557997531602
1.5557997508959
1.55579974313713
1.5557997493956
1.55579974697231
1.55579975339689
1.55579975947069
1.55579976164965
1.55579974680498
1.5557997550377
1.55579977033814
1.5557997728338
1.55579977454064
1.55579977953864
1.55579977822351
1.55579976819356
1.55579977695021
1.55579979424048
1.55579978672633
1.55579977615102
1.55579978993351
1.55579979793464
1.55579980163418
1.5557997893142
1.55579979978358
1.55579980500721
1.55579981235124
1.55579981595798
1.55579982547519
1.55579982046507
1.55579981454579
1.55579981587704
1.55579982495611
1.55579981766636
1.55579983045752
1.55579983005124
1.55579982820476
1.55579982746867
1.55579983038468
1.55579983915344
1.55579985154761
1.55579985246018
1.55579985181467
1.55579985428612
1.5557998592455
1.5557998568789
1.55579985786958
1.55579986641245
1.55579986679218
1.55579986810325
1.55579985232522
1.55579986811452
1.55579987303004
1.55579987621777
1.55579988022434
1.55579990433807
1.55579989083476
1.55579986576209
1.55579989172908
1.55579989294643
1.5557998990987
1.55579990615487
1.55579991756965
1.55579992009867
1.55579990917605
1.55579990834557
1.55579991588284
1.55579992033841
1.55579992439517
1.55579992710671
1.55579992998054
1.55579993355947
1.55579993837075
1.55579993083149
1.5557999311781
1.55579994024382
1.55579994657192
1.55579995367771
1.55579995758291
1.55579995362583
1.55579996004236
1.55579996256342
1.55579996897851
1.55579997751137
1.55579997297613
1.55579997132525
1.5557999766028
1.55579997941928
1.55579997684952
1.55579997714691
1.55579998705505
1.55579999580125
1.55579999762633
1.55579999820378
1.55579999695033
1.55579999992261
1.55580000892332
1.5558000121568
1.55580001479841
1.55580001840412
1.55580001935596
1.55580002674046
1.5558000255955
1.55580002607689
1.55580002667545
1.55580003017361
1.55580003662914
1.55580004055732
1.55580004104304
1.55580004479814
1.55580005048408
1.55580005327789
1.55580005926468
1.55580006046536
1.55580006206528
1.55580006265369
1.55580007036824
1.55580007307742
1.55580007188753
1.55580007437343
1.55580007458549
1.55580008167821
1.55580008245205
1.55580008306934
1.5558000926558
1.55580009296815
1.55580009429895
1.55580009799613
1.5558001024778
1.55580010587917
1.55580011045757
1.55580011568191
1.55580011994317
1.55580011717998
1.55580011345315
1.55580012116903
1.55580012304695
1.55580013066674
1.55580013470757
1.55580013017878
1.5558001346863
1.55580014164626
1.55580014581335
1.55580015347683
1.55580015075696
1.5558001520438
1.55580015451391
1.555800158287
1.55580016168087
1.55580016611757
1.55580016972116
1.55580017344797
1.55580017555162
1.55580017357174
1.55580017867057
1.55580018306339
1.55580018795858
1.55580019645758
1.55580019567979
1.55580019587548
1.55580019726484
1.55580019812478
1.5558002048264
1.55580020636709
1.55580021067546
1.5558002191721
1.55580021650101
1.5558002217568
1.55580022712563
1.55580022466065
1.55580022883946
1.55580022927379
1.55580022889312
1.55580022921836
1.55580023482339
1.55580023961731
1.55580024363901
1.55580024686426
1.55580024673085
1.55580025303638
1.55580026499953
1.55580026422336
1.55580025417923
1.55580025715452
1.55580026713684
1.55580027053697
1.55580026722557
1.5558002704102
1.55580027757692
1.55580028259671
1.55580028678403
1.5558002834585
1.55580028603755
1.55580028995814
1.55580029205995
1.55580029418786
1.55580030027091
1.55580030274199
1.55580030469063
1.55580030834763
1.55580031049862
1.55580031140336
1.55580031331945
1.5558003154394
1.55580031988699
1.55580032380867
1.55580032558479
1.55580033107412
1.55580033104387
1.5558003304742
1.55580032724881
1.55580033342716
1.55580033348375
1.55580033864805
1.5558003449905
1.55580035146961
1.55580035569338
1.55580035820812
1.55580036057879
1.55580036445694
1.55580036993591
1.55580036983705
1.55580037351862
1.55580037372638
1.55580037689867
1.55580037860671
1.55580038242444
1.55580037962409
1.55580038337188
1.55580039030086
1.55580039369295
1.55580039511533
1.55580038727828
1.55580039416195
1.55580040592898
1.55580040932168
1.55580040445057
1.55580040968695
1.55580041387077
1.55580041426491
1.55580041543848
1.55580041757337
1.5558004189259
1.55580042807318
1.55580042715008
1.55580042724612
1.5558004291199
1.55580043086159
1.55580043381385
1.55580043701276
1.55580044250855
1.55580044360537
1.55580044855915
1.55580044966581
1.55580044438196
1.55580045120934
1.55580045202881
1.55580045993461
1.55580045777887
1.5558004648651
1.55580046807085
1.55580045178309
1.55580046040117
1.55580046526771
1.55580046561443
1.55580047383736
1.55580047379181
1.55580047934348
1.55580048267723
1.55580048563729
1.55580049200513
1.55580049364101
1.5558004932361
1.55580049475415
1.5558004975843
1.55580050121851
1.55580050402127
1.55580050733499
1.55580050837473
1.55580051051404
1.555800513746
1.55580051316056
1.55580051540933
1.55580051141124
1.55580051775269
1.55580052113945
1.55580052419714
1.55580052386316
1.5558005306397
1.55580052732311
1.5558005320401
1.55580053193227
1.55580053560075
1.55580053670582
1.55580053945975
1.55580053980837
1.55580053880911
1.55580054432532
1.55580055153833
1.55580054951568
1.55580055466714
1.55580055279758
1.55580055659602
1.55580056280884
1.55580056076704
1.5558005642786
1.55580056347057
1.55580057461139
1.55580057566021
1.55580057162201
1.55580057552606
1.55580057436075
1.55580057592382
1.55580057713121
1.55580057622015
1.55580059310303
1.55580059468092
1.55580058836136
1.5558005578001
1.55580054589761
1.55580057630516
1.55580058807273
1.55580059794059
1.55580061780883
1.55580061661105
1.55580059849416
1.55580060178659
1.55580056685861
1.55580057938136
1.55580059260479
1.55580060176358
1.55580060318273
1.55580059300594
1.5558006039475
1.55580061046229
1.55580061690662
1.55580062483407
1.55580063005736
1.55580061637203
1.55580062287147
1.55580063404554
1.55580063247685
1.55580061894284
1.55580061766801
1.55580061574915
1.5558006204811
1.55580062509879
1.55580062401172
1.55580062968178
1.55580062838874
1.55580062864309
1.55580063215722
1.55580063193773
1.55580063426895
1.55580063372614
1.55580063075313
1.55580063356444
1.5558006369957
1.55580064076377
1.55580064332815
1.55580064448285
1.55580064257206
1.55580064654765
1.55580064422942
1.55580064062678
1.55580064526102
1.55580064605378
1.55580064359741
1.55580064947972
1.55580064677756
1.55580064918208
1.55580065002491
1.55580065569414
1.55580065381936
1.55580065457525
1.5558006555465
1.55580065545318
1.55580065807663
1.55580065771231
1.55580065815245
1.55580065613224
1.5558006571614
1.55580065931087
1.55580065759644
1.55580066142805
1.5558006610364
1.55580066452024
1.55580066467207
1.5558006634505
1.55580066370868
1.55580065358225
1.55580066940113
1.55580066968388
1.55580066303815
1.55580066306651
1.55580066650251
1.55580065121573
1.5558006484563
1.55580066390165
1.55580066552369
1.55580067343305
1.55580067354241
1.55580067133944
1.5558006828964
1.55580067314827
1.55580067572779
1.55580066745996
1.55580066889382
1.55580066709021
1.55580066828152
1.55580066776143
1.55580066324267
1.55580066557017
1.55580066774217
1.55580068533551
1.55580067481558
1.55580067291446
1.55580066740844
1.55580067371756
1.55580066992577
1.55580067559643
1.55580066447326
1.55580066789847
1.55580066809972
1.55580066866107
1.55580067005032
1.55580066792112
1.55580066978327
1.5558006658847
1.55580066173676
1.55580066993847
1.55580067200987
1.55580067300222
1.55580067914176
1.55580067237843
1.55580067332671
1.55580066565108
1.55580067004928
1.55580066750586
1.55580066674774
1.55580066729133
1.55580066893305
1.55580066737726
1.55580066737849
1.55580066743006
1.55580065904002
1.55580066630454
1.55580066537128
1.55580067866051
1.55580067161827
1.55580067939067
1.55580067011115
1.55580067895755
1.55580066957784
1.55580067779016
1.5558006677016
1.55580068402654
1.55580067339936
1.55580067995183
1.55580066715798
1.55580068248357
1.55580067062367
1.55580067919615
1.55580066524526
1.55580068682511
1.55580067321693
1.55580065608427
1.55580064303001
1.55580064112003
1.55580061869951
1.55580062735699
1.55580063378647
1.55580064120849
1.55580064214889
1.55580063937402
1.555800641524
1.55580063726851
1.55580063691483
1.55580063507845
1.55580063404121
1.55580063485981
1.55580063337203
1.55580062533182
1.55580062860428
1.55580062593673
1.55580063088477
1.55580062813738
1.55580062623597
1.55580062417395
1.55580062299515
1.55580062180658
1.5558006176073
1.55580061772182
1.55580061305437
1.55580060984169
1.55580060978763
1.55580060822572
1.55580060944461
1.55580060266045
1.55580060833623
1.55580060494718
1.55580060440241
1.55580059820165
1.5558005990208
1.55580059722416
1.55580060237149
1.55580059438854
1.55580059415594
1.55580058862836
1.55580058780722
1.5558005893347
1.55580057697505
1.55580058352265
1.55580058319301
1.55580057366589
1.55580057701634
1.55580057636466
1.55580057340727
1.55580057262983
1.55580057052924
1.55580056630934
1.55580056410001
1.55580056188773
1.55580056102996
1.55580055850384
1.55580055557685
1.55580055387571
1.55580055199557
1.55580054868124
1.55580054594553
1.55580054447963
1.55580054386353
1.55580053997654
1.55580053862114
1.55580053547858
1.55580053368893
1.55580053071883
1.55580052676764
1.55580052536998
1.55580052104091
1.55580051536645
1.5558005153034
1.55580051184224
1.55580051860285
1.555800513896
1.55580050914605
1.55580050605248
1.55580050775397
1.55580050279288
1.55580050461593
1.55580049689616
1.55580048846373
1.55580048448079
1.55580048887616
1.55580048416044
1.55580048087485
1.55580047810101
1.55580047636212
1.55580047293206
1.55580047099611
1.55580046792175
1.5558004649095
1.5558004605476
1.55580045632822
1.55580045555775
1.55580045413896
1.55580045098334
1.55580044493174
1.55580044171969
1.55580044103997
1.55580043882449
1.55580043566713
1.55580043404544
1.5558004300522
1.55580042557745
1.55580042203535
1.55580041912674
1.55580041624215
1.55580041323736
1.55580041034553
1.55580040745725
1.55580040450587
1.55580040139568
1.55580039835896
1.55580039514153
1.55580039209497
1.55580038875143
1.5558003857781
1.55580038233292
1.55580037949625
1.55580037587246
1.55580037327004
1.55580036932985
1.55580036716679
1.55580036257957
1.55580036139933
1.55580035519967
1.55580035247131
1.55580034846958
1.55580034450353
1.55580034065917
1.55580033679348
1.55580033291542
1.5558003290921
1.5558003253218
1.55580032151829
1.5558003178873
1.55580031351098
1.55580031106147
1.55580031155624
1.55580030434354
1.55580029735923
1.5558002967958
1.55580029062266
1.55580028535024
1.55580028693141
1.55580028045945
1.55580027239122
1.55580026984375
1.55580026865215
1.55580026781173
1.55580026605939
1.55580025796819
1.55580025115674
1.55580025309108
1.55580025092706
1.55580024687872
1.55580024056085
1.55580023449228
1.55580023292208
1.55580022862989
1.55580022517124
1.55580022074051
1.55580022238915
1.55580021817958
1.55580020863192
1.5558002078782
1.55580020694909
1.55580019307902
1.55580018712314
1.5558001877417
1.55580018535601
1.55580018170414
1.5558001781002
1.5558001762688
1.55580017566462
1.55580017087547
1.55580016487132
1.55580015995908
1.5558001555175
1.5558001510766
1.55580014676411
1.55580014270885
1.55580013881484
1.55580013493681
1.5558001309875
1.55580012699486
1.55580012294933
1.55580011889035
1.55580011478635
1.55580011069213
1.55580010656155
1.55580010246532
1.55580009832355
1.55580009423343
1.55580009007232
1.55580008598942
1.55580008179522
1.55580007772836
1.55580007348124
1.55580006945419
1.55580006562569
1.55580005437618
1.55580005232138
1.55580004913356
1.55580004204012
1.55580004874549
1.55580004384717
1.55580002906566
1.55580002624513
1.55580002241661
1.55580002757244
1.55580002348061
1.55580001964629
1.55580000418321
1.55580000561642
1.55579999646341
1.55579999328829
1.55579999431665
1.55579999683206
1.55579999289385
1.55579998769621
1.55579997464499
1.55579997677326
1.55579996774043
1.55579996000388
1.55579995472072
1.55579994970013
1.55579994852419
1.5557999417138
1.55579994597989
1.55579994880396
1.55579993722942
1.55579991798148
1.55579991259182
1.55579990903996
1.55579990639698
1.55579992026978
1.55579990737492
1.55579989743726
1.55579989563293
1.55579989164173
1.55579989119927
1.55579989126778
1.55579988243008
1.55579988443425
1.55579986997048
1.55579986593661
1.55579986998866
1.55579985959998
1.55579985676349
1.55579985160498
1.55579984298459
1.55579984230417
1.55579983615717
1.55579982819238
1.55579982874393
1.55579982110434
1.55579981707409
1.55579981359651
1.55579980969369
1.5557998137948
1.55579980626716
1.55579980647188
1.55579980306264
1.5557997970644
1.55579979100773
1.55579978572181
1.55579978064274
1.55579977575885
1.555799771011
1.5557997666271
1.55579976209988
1.5557997572679
1.55579975269352
1.55579974864329
1.55579974454483
1.55579974053983
1.55579973632813
1.55579973226641
1.555799727986
1.5557997239579
1.55579971968613
1.55579971577386
1.55579971154135
1.55579970777142
1.55579970355556
1.55579969993345
1.55579969569799
1.55579969223752
1.55579968794214
1.55579968467597
1.55579968026997
1.5557996772549
1.55579967266063
1.55579966999213
1.55579966507868
1.55579966292709
1.55579965745623
1.55579965615093
1.55579964965022
1.5557996443013
1.55579964635067
1.55579962624159
1.55579961838518
1.55579961317639
1.55579961249825
1.55579961597865
1.55579960712552
1.55579960764986
1.55579959956786
1.5557996103129
1.55579961922219
1.55579958460059
1.55579959919575
1.55579959318413
1.55579958416542
1.55579957004904
1.55579957331377
1.55579956103448
1.55579955097047
1.55579954913663
1.55579954867174
1.55579955532823
1.55579955336385
1.55579954832874
1.55579954414042
1.55579953216692
1.55579952573011
1.55579955017148
1.555799532937
1.55579952707461
1.55579952596947
1.55579950873494
1.55579950267813
1.55579949319845
1.55579950979396
1.5557995019959
1.55579949376763
1.55579949506342
1.5557994895281
1.55579948929284
1.55579947325935
1.55579948322706
1.55579946829867
1.55579945837319
1.55579945814513
1.55579945367324
1.55579945771079
1.55579946601657
1.55579946198246
1.55579944563832
1.55579943375738
1.55579943828231
1.55579942798907
1.55579943141106
1.55579941921058
1.55579942558325
1.55579941347229
1.55579941833449
1.55579943040878
1.55579941122019
1.55579941494334
1.55579940320024
1.55579941648939
1.55579938792356
1.55579940087952
1.55579939353959
1.55579937731732
1.55579938939368
1.55579938326338
1.55579936249292
1.55579936968682
1.5557993810892
1.55579937235989
1.5557993609737
1.55579936406556
1.5557993562896
1.555799358524
1.5557993452294
1.55579935162266
1.55579933673626
1.55579934565155
1.55579933055977
1.55579932038429
1.55579932071561
1.55579931785052
1.55579931705339
1.55579932223773
1.55579931236251
1.55579931508773
1.55579930515953
1.55579932204061
1.55579931109252
1.55579930660387
1.55579930762815
1.5557992876762
1.55579927615143
1.55579929852077
1.55579929306334
1.555799282938
1.55579928078484
1.55579927550372
1.55579927051697
1.55579925379322
1.55579926357807
1.55579926085054
1.55579924978756
1.55579925277162
1.55579924919562
1.55579925009317
1.55579924042853
1.55579927251452
1.55579925397009
1.55579923408387
1.55579923975415
1.5557992332736
1.55579923867259
1.55579922791812
1.55579921075532
1.5557992250286
1.55579922368684
1.55579922887592
1.55579921537769
1.5557991960437
1.55579919662375
1.55579922712015
1.55579919666441
1.55579919013708
1.55579920399082
1.55579922114344
1.55579918434422
1.55579918796319
1.55579919816777
1.55579917039839
1.55579917160894
1.55579916635356
1.55579917630814
1.55579915890133
1.5557991589063
1.55579918700478
1.55579915713678
1.55579918606346
1.55579915418056
1.55579915207758
1.55579915371824
1.55579914242807
1.55579914674346
1.55579913759329
1.55579916158862
1.5557991359129
1.55579912873869
1.55579916019092
1.55579913698359
1.55579912947648
1.55579912356644
1.55579914235567
1.55579912707528
1.55579910828133
1.55579914200865
1.55579911118217
1.55579912244948
1.55579911070227
1.55579912023503
1.55579910573312
1.5557990983701
1.55579909520285
1.55579911785152
1.55579910295537
1.55579909067037
1.55579910933428
1.55579908429858
1.55579910748384
1.55579907911927
1.55579909439864
1.55579907557863
1.55579908405703
1.55579907352628
1.55579908211391
1.55579907419612
1.55579906906244
1.555799062859
1.55579908444737
1.55579906585891
1.55579906748128
1.55579906163201
1.55579907937986
1.55579906327481
1.55579904391554
1.55579907921288
1.55579904443786
1.55579905276343
1.55579904365896
1.55579907046683
1.55579903987355
1.55579905289442
1.55579903288068
1.55579905541221
1.55579903085777
1.55579903925705
1.5557990321212
1.55579902989009
1.55579904655931
1.55579902242785
1.555799053813
1.55579901753574
1.55579902582984
1.55579903351482
1.5557990191629
1.55579902151645
1.55579900625017
1.55579900385132
1.5557990338914
1.5557990142341
1.55579902521349
1.55579901420318
1.55579901995915
1.55579900294963
1.55579901211676
1.5557990045378
1.55579901371965
1.55579902656376
1.5557990231778
1.55579901162369
1.55579901681763
1.55579902098066
1.55579901158282
1.55579900285918
1.55579900070211
1.55579900519101
1.55579900930468
1.55579900180218
1.55579899836277
1.55579899611073
1.55579900020462
1.55579900636926
1.55579900675053
1.55579899349699
1.55579899620048
1.55579900613846
1.55579901052932
1.55579899712905
1.55579899496548
1.55579899742624
1.55579900124291
1.5557989985824
1.55579898962933
1.55579898438942
1.55579898973149
1.55579900119574
1.55579898983785
1.55579897125454
1.55579898045859
1.55579901281365
1.55579899415853
1.55579899638006
1.55579898993494
1.55579897688913
1.55579897587421
1.55579897973943
1.55579899253559
1.55579899772075
1.55579898843297
1.55579898868831
1.55579899015048
1.55579900843731
1.5557990032595
1.55579899396767
1.55579901789623
1.5557990055166
1.55579899722889
1.55579900703227
1.55579899360426
1.55579898899354
1.55579898063996
1.55579899222312
1.55579898749491
1.55579899257574
1.55579900452421
1.55579902849594
1.55579899305448
1.55579902723861
1.5557990128496
1.55579901775138
1.55579901101283
1.55579899061818
1.55579898236003
1.55579900911216
1.5557990284959
1.55579900547069
1.55579902185651
1.55579899970399
1.55579902118564
1.55579900880304
1.55579902080507
1.55579901417341
1.55579900943173
1.55579901144931
1.55579901519853
1.55579901944714
1.55579902275322
1.55579902553635
1.55579902825359
1.55579902073801
1.55579906222417
1.55579903690479
1.55579903971159
1.55579905488381
1.55579903986692
1.55579904059649
1.55579903601638
1.55579903141958
1.55579905320506
1.5557990469235
1.55579904328622
1.55579904683327
1.55579905210471
1.55579904581784
1.55579904868395
1.55579905440234
1.55579906002462
1.55579906418478
1.55579906181438
1.5557990665228
1.5557990816973
1.55579909770813
1.55579908258356
1.55579909321469
1.55579909104154
1.5557990899412
1.55579908736067
1.55579908612408
1.55579910591859
1.55579909688908
1.55579910868338
1.55579909964095
1.55579911251195
1.55579910338389
1.55579909600898
1.55579910085915
1.55579911605828
1.55579911451091
1.55579911773974
1.55579912323215
1.55579912858863
1.55579915117677
1.55579914781541
1.55579915718517
1.55579914832957
1.55579915615795
1.55579914937238
1.55579916255774
1.55579914898669
1.55579915247135
1.55579915177206
1.55579916207571
1.55579917242311
1.55579917089183
1.55579919197925
1.55579919016698
1.55579919176197
1.55579919320396
1.55579920860273
1.55579919970322
1.55579919137149
1.55579920026276
1.55579921937506
1.55579922101843
1.55579923135957
1.5557992244704
1.55579923571093
1.55579923311651
1.55579925385777
1.55579923200113
1.55579925096461
1.55579924661612
1.55579925543845
1.55579926881551
1.55579926194379
1.55579927476601
1.55579926956679
1.55579928406602
1.55579928084228
1.55579929321235
1.55579928716766
1.55579928318377
1.55579930159008
1.55579931964145
1.55579931389492
1.55579931655079
1.55579932499269
1.55579932693824
1.55579934123188
1.55579933576396
1.55579933090021
1.55579933842609
1.55579934645362
1.55579937268889
1.55579936919085
1.55579936894676
1.5557993761101
1.5557993806466
1.55579937881676
1.5557993851624
1.55579939871522
1.55579940213076
1.55579941203555
1.55579942297164
1.555799424878
1.55579943236918
1.55579942691934
1.55579942379222
1.55579943036952
1.55579945391675
1.55579946987875
1.55579947557072
1.55579945136941
1.5557994711426
1.55579947923235
1.55579948011231
1.55579948983203
1.55579948410309
1.55579950155415
1.55579950267563
1.55579951333995
1.55579952248276
1.55579952751513
1.55579953445543
1.55579952770096
1.55579953720117
1.55579954927085
1.5557995495054
1.55579956757162
1.5557995676571
1.55579958272634
1.5557995840627
1.55579958687116
1.55579958873993
1.55579959822669
1.55579961281334
1.55579961181191
1.55579961034943
1.55579963900668
1.55579963768021
1.5557996442796
1.55579964410932
1.55579965110113
1.55579965567221
1.55579967150281
1.55579967518314
1.55579966786244
1.55579967609966
1.55579969003317
1.5557996986406
1.55579971063455
1.55579971971754
1.5557997201101
1.55579972185426
1.55579972986496
1.55579974158209
1.55579974919734
1.55579975040755
1.55579975517126
1.55579976448858
1.55579977520799
1.55579978286995
1.55579978434674
1.55579979261547
1.55579980558888
1.55579981298939
1.55579981045479
1.55579981294795
1.5557998341354
1.55579984051555
1.55579983113156
1.55579984492636
1.55579985520622
1.55579986189633
1.55579987319576
1.55579987331073
1.55579988447048
1.55579989514351
1.55579990796505
1.55579990617909
1.55579990997132
1.5557999193212
1.55579992210448
1.55579992544947
1.55579993063718
1.55579993962256
1.55579995763427
1.55579996642039
1.5557999713666
1.5557999768226
1.55579997459963
1.55579998114134
1.55579999556711
1.55580000513264
1.55580000838232
1.55580001091943
1.55580001937883
1.55580003431335
1.55580003972553
1.55580004490031
1.55580005180993
1.55580006436016
1.555800064258
1.55580005788444
1.55580006906126
1.55580008349014
1.55580008439283
1.55580010298714
1.55580011032028
1.55580011639684
1.55580011917729
1.55580012174106
1.55580013195067
1.55580013784258
1.55580014690683
1.55580015207491
1.55580015887079
1.55580016669407
1.55580016479356
1.55580017945904
1.55580018810566
1.55580019475225
1.555800198528
1.55580020400615
1.5558002137795
1.55580022118832
1.55580022210792
1.55580023322313
1.55580023754537
1.55580024332804
1.55580025182763
1.55580025945063
1.55580026468584
1.5558002717661
1.55580027453384
1.55580027837332
1.55580028635138
1.55580029138136
1.5558002972779
1.55580030799987
1.55580031895056
1.5558003156856
1.55580032399959
1.55580033644729
1.55580033658237
1.55580034566255
1.55580034797158
1.55580035880952
1.55580035983746
1.5558003697871
1.55580037432769
1.55580038341983
1.55580038578952
1.55580039363025
1.55580040214632
1.55580040524181
1.55580040984839
1.55580041953217
1.55580041944356
1.55580042661327
1.55580043617497
1.55580044056208
1.55580044440589
1.55580045257711
1.55580045315175
1.55580045482354
1.55580046906815
1.55580046620885
1.5558004794884
1.55580048164726
1.55580049318439
1.55580048996943
1.55580050116177
1.55580050117497
1.55580051212931
1.55580051059593
1.55580052287041
1.55580052088184
1.55580053410937
1.5558005307881
1.55580054329276
1.55580054043006
1.55580055306629
1.55580055111563
1.55580056201201
1.55580055971305
1.55580056614362
1.55580057475883
1.55580057263447
1.55580058348222
1.55580059253497
1.55580060010491
1.55580060337471
1.55580060250716
