0.6397
0.6399999998
0.640299998400001
0.64059999460001
0.640899987200041
0.641199975000125
0.641499956800311
0.641799931400672
0.642099897601311
0.642399854202362
0.642699800004
0.642999733806442
0.643299654409953
0.643599560614852
0.643899451221513
0.644199325030374
0.644499180841942
0.644799017456793
0.64509883367558
0.645398628299041
0.645698400127995
0.645998147963357
0.646297870606136
0.646597566857441
0.646897235518488
0.647196875390602
0.647496485275225
0.647796063973916
0.648095610288363
0.64839512302038
0.648694600971917
0.648994042945061
0.649293447742046
0.649592814165253
0.649892141017217
0.65019142710063
0.650490671218349
0.650789872173397
0.651089028768971
0.651388139808445
0.651687204095376
0.651986220433506
0.652285187626771
0.652584104479302
0.652882969795433
0.653181782379702
0.653480541036859
0.653779244571871
0.654077891789923
0.654376481496427
0.654675012497024
0.654973483597592
0.655271893604245
0.655570241323345
0.655868525561501
0.656166745125576
0.656464898822693
0.656762985460236
0.657061003845861
0.657358952787493
0.657656831093338
0.657954637571882
0.6582523710319
0.658550030282459
0.658847614132922
0.659145121392954
0.659442550872527
0.659739901381922
0.660037171731738
0.660334360732894
0.660631467196636
0.660928489934536
0.661225427758504
0.661522279480791
0.661819043913988
0.66211571987104
0.662412306165242
0.662708801610249
0.663005205020081
0.663301515209124
0.663597730992137
0.663893851184258
0.664189874601007
0.66448580005829
0.664781626372406
0.66507735236005
0.665372976838318
0.665668498624713
0.665963916537148
0.666259229393952
0.666554436013874
0.666849535216087
0.667144525820196
0.667439406646238
0.667734176514691
0.668028834246475
0.66832337866296
0.668617808585968
0.668912122837781
0.669206320241141
0.669500399619259
0.669794359795819
0.67008819959498
0.670381917841382
0.670675513360155
0.670968984976915
0.671262331517777
0.671555551809355
0.671848644678768
0.672141608953646
0.67243444346213
0.672727147032885
0.673019718495096
0.673312156678477
0.673604460413276
0.673896628530278
0.674188659860812
0.674480553236753
0.674772307490527
0.675063921455118
0.67535539396407
0.675646723851494
0.675937909952071
0.676228951101056
0.676519846134285
0.676810593888178
0.677101193199746
0.677391642906591
0.677681941846914
0.677972088859521
0.678262082783823
0.678551922459846
0.67884160672823
0.67913113443024
0.679420504407765
0.679709715503325
0.679998766560076
0.680287656421815
0.680576383932982
0.680864947938668
0.681153347284617
0.681441580817232
0.68172964738358
0.682017545831394
0.682305275009081
0.682592833765725
0.682880220951091
0.683167435415631
0.683454476010488
0.683741341587498
0.684028030999201
0.684314543098839
0.684600876740364
0.684887030778442
0.685173004068457
0.685458795466517
0.685744403829455
0.68602982801484
0.686315066880974
0.686600119286903
0.686884984092418
0.687169660158059
0.687454146345122
0.687738441515664
0.688022544532504
0.68830645425923
0.688590169560204
0.688873689300565
0.689157012346234
0.68944013756392
0.689723063821122
0.690005789986135
0.690288314928056
0.690570637516784
0.69085275662303
0.691134671118318
0.691416379874989
0.691697881766211
0.691979175665974
0.692260260449105
0.692541134991264
0.692821798168953
0.69310224885952
0.693382485941163
0.693662508292935
0.693942314794744
0.694221904327367
0.694501275772446
0.694780428012494
0.695059359930904
0.695338070411948
0.695616558340784
0.695894822603461
0.696172862086923
0.696450675679012
0.696728262268474
0.697005620744963
0.697282749999045
0.697559648922205
0.697836316406845
0.698112751346298
0.698388952634823
0.698664919167615
0.69894064984081
0.699216143551484
0.699491399197663
0.699766415678326
0.700041191893406
0.700315726743798
0.700590019131365
0.700864067958936
0.701137872130316
0.701411430550291
0.701684742124625
0.701957805760073
0.702230620364382
0.702503184846292
0.702775498115547
0.703047559082893
0.703319366660087
0.7035909197599
0.703862217296119
0.704133258183554
0.704404041338042
0.704674565676451
0.704944830116685
0.705214833577684
0.705484574979437
0.705754053242977
0.706023267290393
0.706292216044828
0.706560898430488
0.706829313372642
0.707097459797633
0.707365336632875
0.70763294280686
0.707900277249165
0.708167338890451
0.708434126662474
0.708700639498081
0.708966876331222
0.709232836096951
0.709498517731427
0.709763920171926
0.710029042356838
0.710293883225674
0.710558441719071
0.710822716778796
0.711086707347748
0.711350412369966
0.71161383079063
0.711876961556068
0.712139803613755
0.712402355912324
0.712664617401566
0.712926587032436
0.713188263757056
0.713449646528718
0.713710734301893
0.713971526032229
0.714232020676561
0.714492217192908
0.714752114540487
0.715011711679708
0.715271007572182
0.715530001180727
0.715788691469368
0.716047077403345
0.716305157949114
0.716562932074354
0.716820398747967
0.717077556940088
0.717334405622085
0.717590943766563
0.71784717034737
0.718103084339599
0.718358684719596
0.718613970464958
0.718868940554544
0.719123593968473
0.719377929688133
0.719631946696179
0.719885643976546
0.720139020514443
0.720392075296366
0.720644807310095
0.720897215544703
0.721149298990557
0.721401056639324
0.721652487483973
0.721903590518781
0.722154364739337
0.722404809142544
0.722654922726624
0.722904704491124
0.723154153436918
0.723403268566208
0.723652048882536
0.723900493390781
0.724148601097164
0.724396371009255
0.724643802135976
0.724890893487601
0.725137644075765
0.725384052913467
0.725630119015072
0.725875841396316
0.726121219074308
0.72636625106754
0.726610936395883
0.726855274080596
0.727099263144329
0.727342902611126
0.727586191506429
0.727829128857084
0.72807171369134
0.72831394503886
0.728555821930718
0.728797343399406
0.72903850847884
0.729279316204359
0.729519765612732
0.729759855742163
0.729999585632291
0.730238954324197
0.730477960860406
0.730716604284893
0.730954883643084
0.731192797981862
0.73143034634957
0.731667527796015
0.731904341372472
0.732140786131686
0.732376861127878
0.73261256541675
0.732847898055484
0.73308285810275
0.733317444618708
0.733551656665012
0.733785493304815
0.73401895360277
0.734252036625037
0.734484741439283
0.734717067114689
0.734949012721954
0.735180577333295
0.735411760022454
0.735642559864701
0.735872975936836
0.736103007317195
0.736332653085654
0.736561912323629
0.736790784114084
0.737019267541532
0.73724736169204
0.737475065653231
0.737702378514289
0.737929299365965
0.738155827300573
0.738381961412004
0.738607700795721
0.738833044548767
0.739057991769766
0.739282541558931
0.739506693018062
0.739730445250555
0.7399537973614
0.740176748457189
0.740399297646118
0.740621444037991
0.740843186744222
0.741064524877841
0.741285457553496
0.741505983887456
0.741726102997616
0.7419458140035
0.742165116026265
0.742384008188702
0.742602489615243
0.742820559431963
0.743038216766583
0.743255460748473
0.743472290508659
0.743688705179821
0.7439047038963
0.744120285794104
0.744335450010903
0.744550195686041
0.744764521960537
0.744978427977085
0.745191912880062
0.745404975815527
0.74561761593123
0.745829832376611
0.746041624302804
0.746252990862641
0.746463931210657
0.746674444503091
0.746884529897889
0.74709418655471
0.747303413634928
0.747512210301636
0.747720575719646
0.747928509055497
0.748136009477456
0.748343076155521
0.748549708261427
0.748755904968646
0.748961665452389
0.749166988889617
0.749371874459034
0.749576321341101
0.749780328718028
0.749983895773787
0.750187021694111
0.750389705666494
0.750591946880203
0.750793744526272
0.750995097797511
0.751196005888508
0.751396467995629
0.751596483317027
0.751796051052642
0.751995170404201
0.752193840575229
0.752392060771044
0.752589830198766
0.752787148067319
0.752984013587429
0.753180425971637
0.753376384434292
0.75357188819156
0.753766936461428
0.753961528463702
0.754155663420014
0.754349340553826
0.754542559090428
0.754735318256947
0.754927617282346
0.755119455397429
0.755310831834845
0.755501745829088
0.755692196616502
0.755882183435284
0.756071705525487
0.756260762129024
0.756449352489667
0.756637475853056
0.756825131466697
0.757012318579969
0.757199036444123
0.757385284312287
0.757571061439472
0.757756367082567
0.757941200500352
0.758125560953493
0.758309447704547
0.758492860017969
0.758675797160109
0.758858258399219
0.759040243005455
0.759221750250878
0.759402779409458
0.759583329757081
0.759763400571545
0.759942991132567
0.760122100721784
0.760300728622759
0.76047887412098
0.760656536503866
0.760833715060767
0.76101040908297
0.761186617863697
0.761362340698116
0.761537576883333
0.761712325718406
0.761886586504339
0.762060358544088
0.762233641142566
0.762406433606643
0.76257873524515
0.762750545368879
0.762921863290591
0.763092688325014
0.763263019788848
0.763432857000768
0.763602199281424
0.763771045953449
0.763939396341455
0.764107249772042
0.764274605573796
0.764441463077293
0.764607821615104
0.764773680521796
0.764939039133932
0.765103896790078
0.765268252830805
0.765432106598687
0.765595457438311
0.765758304696273
0.765920647721185
0.766082485863673
0.766243818476387
0.766404644913996
0.766564964533193
0.766724776692702
0.766884080753274
0.767042876077692
0.767201162030775
0.767358937979381
0.767516203292405
0.767672957340785
0.767829199497508
0.767984929137603
0.768140145638152
0.768294848378291
0.768449036739207
0.768602710104148
0.76875586785842
0.768908509389393
0.769060634086501
0.769212241341245
0.769363330547196
0.769513901099998
0.769663952397368
0.769813483839103
0.769962494827075
0.770110984765242
0.770258953059643
0.770406399118407
0.770553322351748
0.770699722171974
0.770845597993487
0.770990949232782
0.771135775308455
0.771280075641202
0.771423849653822
0.77156709677122
0.771709816420406
0.771852008030502
0.771993671032742
0.772134804860475
0.772275408949164
0.772415482736395
0.772555025661872
0.772694037167423
0.772832516697003
0.772970463696694
0.773107877614707
0.773244757901388
0.773381104009215
0.773516915392805
0.773652191508911
0.77378693181643
0.773921135776401
0.774054802852007
0.774187932508581
0.774320524213605
0.774452577436711
0.774584091649687
0.774715066326476
0.77484550094318
0.77497539497806
0.775104747911541
0.775233559226211
0.775361828406824
0.775489554940305
0.775616738315747
0.775743378024417
0.775869473559756
0.775995024417383
0.776120030095093
0.776244490092865
0.776368403912859
0.77649177105942
0.776614591039078
0.776736863360555
0.776858587534761
0.7769797630748
0.77710038949597
0.777220466315765
0.777339993053878
0.777458969232202
0.777577394374834
0.777695268008071
0.77781258966042
0.777929358862595
0.778045575147519
0.778161238050327
0.778276347108367
0.778390901861203
0.778504901850617
0.778618346620608
0.778731235717399
0.778843568689431
0.778955345087375
0.779066564464124
0.779177226374801
0.779287330376758
0.77939687602958
0.779505862895084
0.779614290537323
0.779722158522586
0.779829466419402
0.779936213798539
0.780042400233008
0.780148025298063
0.780253088571204
0.780357589632178
0.780461528062982
0.78056490344786
0.780667715373313
0.780769963428092
0.780871647203206
0.780972766291919
0.781073320289755
0.781173308794498
0.781272731406195
0.781371587727155
0.781469877361953
0.781567599917431
0.781664755002698
0.781761342229134
0.781857361210391
0.781952811562393
0.782047692903338
0.782142004853701
0.782235747036235
0.782328919075971
0.78242152060022
0.782513551238577
0.78260501062292
0.782695898387411
0.782786214168499
0.782875957604921
0.782965128337704
0.783053726010164
0.783141750267911
0.783229200758849
0.783316077133175
0.783402379043384
0.783488106144268
0.783573258092919
0.78365783454873
0.783741835173395
0.783825259630911
0.783908107587581
0.783990378712012
0.784072072675121
0.784153189150132
0.784233727812579
0.784313688340307
0.784393070413475
0.784471873714554
0.784550097928332
0.78462774274191
0.784704807844711
0.784781292928474
0.784857197687259
0.784932521817446
0.78500726501774
0.785081426989167
0.785155007435081
0.785228006061158
0.785300422575406
0.785372256688157
0.785443508112075
0.785514176562156
0.785584261755725
0.785653763412441
0.785722681254298
0.785791015005625
0.785858764393086
0.785925929145685
0.785992508994763
0.786058503673999
0.786123912919416
0.786188736469376
0.786252974064586
0.786316625448095
0.786379690365298
0.786442168563934
0.786504059794092
0.786565363808207
0.786626080361062
0.786686209209792
0.786745750113881
0.786804702835166
0.786863067137835
0.786920842788432
0.786978029555854
0.787034627211354
0.787090635528542
0.787146054283384
0.787200883254206
0.787255122221691
0.787308770968885
0.787361829281191
0.787414296946377
0.787466173754572
0.787517459498269
0.787568153972325
0.787618256973963
0.78766776830277
0.7877166877607
0.787765015152078
0.787812750283592
0.787859892964302
0.787906443005638
0.7879524002214
0.787997764427758
0.788042535443256
0.788086713088811
0.788130297187711
0.78817328756562
0.788215684050577
0.788257486472995
0.788298694665666
0.788339308463756
0.788379327704811
0.788418752228753
0.788457581877884
0.788495816496887
0.788533455932821
0.788570500035131
0.788606948655638
0.78864280164855
0.788678058870454
0.78871272018032
0.788746785439505
0.788780254511747
0.788813127263169
0.788845403562281
0.788877083279978
0.788908166289541
0.788938652466637
0.788968541689323
0.78899783383804
0.789026528795622
0.789054626447287
0.789082126680646
0.789109029385697
0.78913533445483
0.789161041782824
0.789186151266851
0.789210662806472
0.78923457630364
0.789257891662703
0.789280608790399
0.789302727595859
0.789324247990608
0.789345169888565
0.789365493206041
0.789385217861745
0.789404343776776
0.789422870874632
0.789440799081204
0.78945812832478
0.789474858536042
0.789490989648069
0.789506521596337
0.789521454318719
0.789535787755484
0.789549521849297
0.789562656545222
0.789575191790721
0.789587127535653
0.789598463732275
0.789609200335241
0.789619337301606
0.789628874590822
0.789637812164739
0.789646149987608
0.789653888026076
0.789661026249192
0.789667564628404
0.789673503137556
0.789678841752896
0.789683580453069
0.789687719219121
0.789691258034495
0.789694196885037
0.789696535758992
0.789698274647003
0.789699413542116
0.789699952439775
0.789699891337824
0.789699230236508
0.789697969138471
0.789696108048757
0.789693646974811
0.789690585926477
0.789686924916
0.789682663958022
0.789677803069589
0.789672342270144
0.789666281581529
0.789659621027988
0.789652360636163
0.789644500435095
0.789636040456226
0.789626980733394
0.78961732130284
0.7896070622032
0.789596203475511
0.789584745163209
0.789572687312125
0.789560029970492
0.789546773188939
0.789532917020493
0.789518461520579
0.789503406747018
0.78948775276003
0.789471499622231
0.789454647398633
0.789437196156645
0.789419145966072
0.789400496899115
0.78938124903037
0.789361402436828
0.789340957197876
0.789319913395295
0.78929827111326
0.789276030438339
0.789253191459497
0.789229754268088
0.789205718957861
0.789181085624958
0.789155854367912
0.789130025287647
0.789103598487481
0.789076574073119
0.789048952152661
0.789020732836593
0.788991916237793
0.788962502471527
0.78893249165545
0.788901883909606
0.788870679356425
0.788838878120725
0.788806480329711
0.788773486112976
0.788739895602494
0.788705708932629
0.788670926240126
0.788635547664118
0.788599573346117
0.788563003430022
0.788525838062111
0.788488077391046
0.78844972156787
0.788410770746007
0.788371225081258
0.788331084731808
0.788290349858216
0.788249020623424
0.788207097192747
0.788164579733879
0.78812146841689
0.788077763414226
0.788033464900705
0.787988573053523
0.787943088052246
0.787897010078815
0.787850339317541
0.787803075955108
0.787755220180567
0.787706772185344
0.787657732163229
0.787608100310383
0.787557876825333
0.787507061908973
0.787455655764562
0.787403658597725
0.787351070616451
0.787297892031091
0.787244123054359
0.787189763901332
0.787134814789447
0.787079275938498
0.787023147570643
0.786966429910393
0.786909123184621
0.786851227622551
0.786792743455768
0.786733670918207
0.786674010246158
0.786613761678264
0.78655292545552
0.786491501821269
0.786429491021207
0.786366893303376
0.786303708918168
0.786239938118319
0.786175581158914
0.786110638297379
0.786045109793486
0.785978995909349
0.785912296909423
0.785845013060505
0.785777144631729
0.78570869189457
0.785639655122838
0.785570034592679
0.785499830582577
0.785429043373347
0.785357673248138
0.78528572049243
0.785213185394034
0.785140068243091
0.785066369332069
0.784992088955763
0.784917227411294
0.78484178499811
0.78476576201798
0.784689158774995
0.784611975575568
0.784534212728432
0.784455870544638
0.784376949337555
0.784297449422867
0.784217371118575
0.784136714744991
0.78405548062474
0.78397366908276
0.783891280446295
0.783808315044901
0.783724773210439
0.783640655277076
0.783555961581284
0.783470692461837
0.783384848259812
0.783298429318586
0.783211435983834
0.783123868603529
0.783035727527942
0.782947013109635
0.782857725703467
0.782767865666586
0.782677433358434
0.782586429140739
0.782494853377518
0.782402706435074
0.782309988681995
0.782216700489151
0.782122842229695
0.782028414279059
0.781933417014957
0.781837850817376
0.781741716068582
0.781645013153112
0.781547742457779
0.781449904371666
0.781351499286124
0.781252527594773
0.781152989693502
0.78105288598046
0.780952216856062
0.780850982722985
0.780749183986166
0.780646821052799
0.780543894332335
0.780440404236482
0.7803363511792
0.7802317355767
0.780126557847446
0.780020818412147
0.779914517693762
0.779807656117493
0.779700234110787
0.77959225210333
0.779483710527052
0.779374609816118
0.779264950406931
0.779154732738128
0.77904395725058
0.77893262438739
0.778820734593887
0.778708288317631
0.778595286008408
0.778481728118225
0.778367615101315
0.77825294741413
0.77813772551534
0.778021949865832
0.777905620928709
0.777788739169287
0.777671305055092
0.777553319055861
0.777434781643538
0.777315693292271
0.777196054478415
0.777075865680525
0.776955127379355
0.776833840057858
0.776712004201184
0.776589620296676
0.776466688833869
0.776343210304489
0.77621918520245
0.776094614023852
0.77596949726698
0.775843835432301
0.775717629022462
0.775590878542287
0.77546358449878
0.775335747401116
0.775207367760643
0.77507844609088
0.774948982907513
0.774818978728394
0.774688434073541
0.774557349465131
0.774425725427504
0.774293562487154
0.774160861172734
0.774027622015048
0.773893845547054
0.773759532303856
0.773624682822708
0.773489297643007
0.773353377306294
0.77321692235625
0.773079933338694
0.772942410801583
0.772804355295006
0.772665767371186
0.772526647584473
0.772386996491348
0.772246814650413
0.772106102622396
0.771964860970145
0.771823090258627
0.771680791054924
0.771537963928233
0.771394609449862
0.771250728193228
0.771106320733858
0.770961387649379
0.770815929519525
0.770669946926128
0.770523440453117
0.770376410686519
0.770228858214453
0.770080783627128
0.769932187516842
0.76978307047798
0.769633433107009
0.769483276002479
0.769332599765018
0.769181404997331
0.769029692304197
0.768877462292465
0.768724715571057
0.768571452750959
0.768417674445221
0.768263381268958
0.76810857383934
0.767953252775599
0.767797418699017
0.767641072232931
0.767484214002727
0.767326844635838
0.76716896476174
0.767010575011953
0.766851676020035
0.766692268421584
0.766532352854227
0.766371929957629
0.766211000373479
0.766049564745497
0.765887623719424
0.765725177943025
0.765562228066081
0.765398774740394
0.765234818619775
0.765070360360049
0.764905400619048
0.764739940056612
0.764573979334583
0.764407519116802
0.764240560069112
0.764073102859347
0.763905148157337
0.7637366966349
0.763567748965841
0.763398305825952
0.763228367893005
0.76305793584675
0.762887010368917
0.762715592143206
0.762543681855291
0.762371280192812
0.762198387845376
0.762025005504552
0.761851133863869
0.761676773618814
0.761501925466826
0.7613265901073
0.761150768241575
0.760974460572938
0.760797667806622
0.760620390649795
0.760442629811568
0.760264386002981
0.760085659937012
0.759906452328563
0.759726763894466
0.759546595353473
0.759365947426258
0.759184820835413
0.759003216305444
0.758821134562769
0.758638576335714
0.758455542354513
0.758272033351301
0.758088050060113
0.757903593216883
0.757718663559438
0.757533261827495
0.757347388762663
0.757161045108432
0.756974231610178
0.756786949015154
0.756599198072489
0.756410979533188
0.756222294150125
0.75603314267804
0.75584352587354
0.755653444495091
0.755462899303019
0.755271891059504
0.755080420528579
0.754888488476125
0.754696095669871
0.754503242879388
0.754309930876086
0.754116160433214
0.753921932325853
0.753727247330914
0.753532106227138
0.753336509795089
0.753140458817153
0.752943954077532
0.752746996362246
0.752549586459126
0.75235172515781
0.752153413249743
0.751954651528174
0.751755440788148
0.751555781826508
0.75135567544189
0.751155122434719
0.750954123607208
0.75075267976335
0.750550791708921
0.750348460251473
0.750145686200331
0.749942470366592
0.749738813563119
0.749534716604538
0.749330180307237
0.749125205489361
0.748919792970809
0.74871394357323
0.748507658120023
0.748300937436328
0.748093782349029
0.747886193686744
0.747678172279829
0.747469718960369
0.747260834562177
0.747051519920789
0.746841775873466
0.746631603259181
0.746421002918627
0.746209975694203
0.745998522430018
0.745786643971885
0.745574341167317
0.745361614865526
0.745148465917417
0.744934895175584
0.744720903494312
0.744506491729565
0.744291660738991
0.744076411381913
0.743860744519329
0.743644661013906
0.743428161729978
0.74321124753354
0.742993919292251
0.742776177875422
0.74255802415402
0.742339459000657
0.742120483289596
0.741901097896738
0.741681303699625
0.741461101577433
0.74124049241097
0.741019477082673
0.740798056476602
0.740576231478441
0.740354002975488
0.740131371856658
0.739908339012474
0.739684905335067
0.739461071718173
0.739236839057124
0.739012208248853
0.73878718019188
0.738561755786319
0.738335935933867
0.738109721537802
0.737883113502982
0.73765611273584
0.737428720144377
0.737200936638163
0.736972763128334
0.736744200527581
0.736515249750156
0.73628591171186
0.736056187330047
0.735826077523613
0.735595583212997
0.735364705320176
0.735133444768661
0.734901802483494
0.734669779391244
0.734437376420004
0.734204594499384
0.733971434560512
0.733737897536027
0.733503984360078
0.733269695968316
0.733035033297896
0.732799997287466
0.732564588877172
0.732328809008645
0.732092658625007
0.731856138670857
0.731619250092275
0.731381993836815
0.731144370853502
0.730906382092828
0.730668028506747
0.730429311048673
0.730190230673477
0.729950788337478
0.729710984998446
0.729470821615594
0.729230299149575
0.728989418562479
0.728748180817828
0.728506586880572
0.728264637717087
0.728022334295169
0.727779677584032
0.727536668554302
0.727293308178015
0.727049597428612
0.726805537280936
0.726561128711227
0.726316372697119
0.726071270217635
0.725825822253186
0.725580029785562
0.725333893797934
0.725087415274845
0.724840595202209
0.724593434567305
0.724345934358777
0.724098095566624
0.723849919182201
0.723601406198213
0.723352557608713
0.723103374409093
0.722853857596087
0.722604008167762
0.722353827123515
0.722103315464069
0.721852474191471
0.721601304309086
0.721349806821593
0.721097982734982
0.720845833056548
0.720593358794891
0.720340560959905
0.720087440562784
0.719833998616007
0.719580236133343
0.719326154129841
0.719071753621829
0.718817035626907
0.718562001163949
0.718306651253091
0.718050986915733
0.717795009174532
0.717538719053399
0.717282117577493
0.71702520577322
0.716767984668227
0.716510455291398
0.71625261867285
0.71599447584393
0.715736027837208
0.715477275686476
0.715218220426743
0.714958863094228
0.714699204726361
0.714439246361776
0.714178989040305
0.713918433802976
0.713657581692012
0.713396433750819
0.71313499102399
0.712873254557294
0.712611225397678
0.712348904593258
0.712086293193316
0.711823392248297
0.711560202809806
0.7112967259306
0.711032962664585
0.710768914066814
0.710504581193482
0.71023996510192
0.709975066850592
0.709709887499089
0.70944442810813
0.709178689739552
0.708912673456307
0.708646380322461
0.708379811403185
0.708112967764756
0.707845850474546
0.707578460601025
0.707310799213753
0.707042867383374
0.706774666181615
0.706506196681281
0.706237459956249
0.705968457081466
0.705699189132943
0.705429657187752
0.705159862324019
0.704889805620924
0.704619488158694
0.704348911018598
0.704078075282944
0.703806982035075
0.703535632359362
0.703264027341206
0.702992168067025
0.702720055624256
0.702447691101349
0.702175075587761
0.701902210173954
0.701629095951389
0.701355734012523
0.701082125450803
0.700808271360663
0.700534172837519
0.700259830977765
0.699985246878767
0.699710421638863
0.699435356357352
0.699160052134495
0.698884510071509
0.698608731270562
0.698332716834768
0.698056467868185
0.697779985475808
0.697503270763567
0.69722632483832
0.69694914880785
0.696671743780861
0.696394110866973
0.696116251176717
0.695838165821532
0.695559855913758
0.695281322566635
0.695002566894296
0.694723590011764
0.694444393034944
0.694164977080625
0.693885343266471
0.693605492711016
0.693325426533661
0.693045145854673
0.692764651795171
0.692483945477134
0.692203028023385
0.691921900557594
0.69164056420427
0.691359020088758
0.691077269337236
0.690795313076704
0.690513152434988
0.69023078854073
0.689948222523386
0.689665455513218
0.689382488641295
0.689099323039483
0.688815959840446
0.688532400177634
0.688248645185287
0.687964695998424
0.687680553752841
0.687396219585107
0.687111694632558
0.686826980033294
0.686542076926173
0.686256986450806
0.685971709747556
0.685686247957529
0.68540060222257
0.685114773685264
0.684828763488924
0.68454257277759
0.684256202696025
0.683969654389708
0.683682929004833
0.6833960276883
0.683108951587715
0.682821701851382
0.682534279628298
0.682246686068153
0.681958922321321
0.681670989538856
0.681382888872488
0.681094621474621
0.680806188498322
0.680517591097325
0.680228830426018
0.679939907639443
0.679650823893291
0.679361580343897
0.679072178148234
0.678782618463911
0.678492902449167
0.678203031262864
0.677913006064488
0.677622828014138
0.677332498272527
0.677042018000973
0.676751388361397
0.676460610516316
0.676169685628843
0.675878614862676
0.675587399382097
0.675296040351969
0.675004538937727
0.674712896305376
0.674421113621487
0.67412919205319
0.67383713276817
0.673544936934665
0.673252605721457
0.672960140297871
0.672667541833768
0.672374811499541
0.672081950466112
0.671788959904925
0.671495840987941
0.671202594887635
0.670909222776991
0.670615725829499
0.670322105219144
0.670028362120409
0.669734497708266
0.669440513158172
0.669146409646065
0.668852188348359
0.668557850441938
0.668263397104154
0.66796882951282
0.667674148846205
0.667379356283032
0.667084453002471
0.666789440184135
0.666494319008074
0.666199090654772
0.665903756305144
0.665608317140525
0.665312774342672
0.665017129093756
0.664721382576357
0.664425535973461
0.664129590468454
0.663833547245118
0.663537407487626
0.663241172380535
0.662944843108786
0.662648420857695
0.662351906812952
0.662055302160611
0.661758608087092
0.66146182577917
0.661164956423973
0.66086800120898
0.66057096132201
0.660273837951223
0.659976632285111
0.659679345512497
0.659381978822528
0.659084533404669
0.658787010448703
0.658489411144721
0.658191736683119
0.657893988254595
0.657596167050142
0.657298274261044
0.657000311078874
0.656702278695482
0.656404178302997
0.656106011093822
0.655807778260625
0.655509480996336
0.655211120494144
0.65491269794749
0.654614214550065
0.654315671495802
0.654017069978873
0.653718411193682
0.653419696334866
0.653120926597282
0.65282210317601
0.652523227266342
0.652224300063783
0.65192532276404
0.651626296563023
0.651327222656835
0.651028102241772
0.650728936514315
0.650429726671127
0.650130473909046
0.649831179425084
0.649531844416417
0.649232470080386
0.648933057614487
0.64863360821637
0.648334123083832
0.648034603414814
0.647735050407392
0.64743546525978
0.647135849170317
0.646836203337468
0.646536528959814
0.646236827236054
0.645937099364994
0.645637346545544
0.645337569976716
0.645037770857616
0.644737950387439
0.644438109765468
0.644138250191064
0.643838372863665
0.64353847898278
0.643238569747984
0.642938646358914
0.642638710015263
0.642338761916776
0.642038803263245
0.641738835254503
0.641438859090424
0.64113887597091
0.640838887095894
0.640538893665332
0.640238896879196
0.639938897937473
0.639638898040159
0.639338898387252
0.639038900178752
0.63873890461465
0.638438912894928
0.638138926219553
0.637838945788471
0.637538972801603
0.637239008458841
0.636939053960042
0.636639110505024
0.636339179293559
0.636039261525373
0.635739358400136
0.635439471117459
0.635139600876893
0.634839748877917
0.63453991631994
0.63424010440229
0.633940314324215
0.633640547284875
0.633340804483338
0.633041087118574
0.632741396389454
0.632441733494738
0.632142099633079
0.631842496003011
0.631542923802948
0.63124338423118
0.630943878485863
0.630644407765021
0.630344973266535
0.630045576188144
0.629746217727436
0.629446899081843
0.62914762144864
0.628848386024937
0.628549194007676
0.628250046593624
0.62795094497937
0.627651890361321
0.627352883935694
0.627053926898515
0.626755020445611
0.626456165772609
0.626157364074926
0.625858616547768
0.625559924386126
0.625261288784767
0.624962710938234
0.624664192040837
0.624365733286653
0.624067335869514
0.623769000983011
0.623470729820484
0.623172523575015
0.62287438343943
0.622576310606289
0.622278306267882
0.621980371616227
0.621682507843063
0.621384716139842
0.621086997697733
0.620789353707608
0.620491785360043
0.620194293845311
0.619896880353378
0.619599546073897
0.619302292196204
0.619005119909316
0.61870803040192
0.618411024862375
0.618114104478702
0.617817270438583
0.617520523929352
0.617223866137996
0.616927298251146
0.616630821455072
0.616334436935682
0.616038145878513
0.615741949468728
0.615445848891114
0.615149845330072
0.614853939969616
0.614558133993367
0.614262428584549
0.613966824925982
0.613671324200081
0.613375927588849
0.613080636273871
0.612785451436313
0.612490374256913
0.612195405915979
0.611900547593386
0.611605800468565
0.611311165720504
0.611016644527743
0.610722238068365
0.610427947519997
0.6101337740598
0.609839718864466
0.609545783110218
0.609251967972797
0.608958274627463
0.60866470424899
0.608371258011659
0.608077937089253
0.607784742655057
0.607491675881848
0.607198737941893
0.606905930006942
0.606613253248228
0.606320708836457
0.606028297941805
0.605736021733917
0.605443881381897
0.605151878054306
0.604860012919156
0.604568287143909
0.604276701895465
0.603985258340167
0.603693957643788
0.603402800971531
0.603111789488021
0.602820924357304
0.602530206742841
0.602239637807502
0.601949218713561
0.601658950622695
0.601368834695975
0.601078872093866
0.600789063976217
0.60049941150226
0.600209915830605
0.599920578119234
0.599631399525497
0.599342381206109
0.599053524317143
0.598764830014024
0.598476299451531
0.598187933783786
0.59789973416425
0.597611701745721
0.597323837680329
0.597036143119531
0.596748619214102
0.59646126711414
0.596174087969052
0.595887082927553
0.595600253137665
0.595313599746705
0.595027123901287
0.594740826747314
0.594454709429974
0.594168773093736
0.593883018882344
0.593597447938817
0.593312061405435
0.593026860423747
0.592741846134554
0.592457019677915
0.592172382193134
0.59188793481876
0.591603678692584
0.591319614951628
0.591035744732148
0.590752069169625
0.59046858939876
0.590185306553471
0.58990222176689
0.589619336171356
0.58933665089841
0.589054167078793
0.588771885842441
0.588489808318477
0.588207935635212
0.587926268920135
0.587644809299914
0.587363557900386
0.587082515846557
0.586801684262594
0.586521064271824
0.586240656996726
0.585960463558928
0.585680485079205
0.585400722677469
0.58512117747277
0.584841850583289
0.584562743126331
0.584283856218328
0.584005190974827
0.583726748510487
0.583448529939078
0.583170536373475
0.58289276892565
0.582615228706675
0.582337916826708
0.582060834394998
0.581783982519873
0.581507362308741
0.581230974868082
0.580954821303445
0.580678902719445
0.580403220219755
0.580127774907106
0.579852567883277
0.579577600249098
0.579302873104437
0.579028387548203
0.578754144678338
0.578480145591812
0.578206391384623
0.577932883151787
0.577659621987335
0.577386608984313
0.577113845234772
0.576841331829766
0.57656906985935
0.576297060412569
0.576025304577463
0.575753803441053
0.575482558089344
0.575211569607317
0.574940839078926
0.574670367587092
0.574400156213701
0.574130206039599
0.573860518144584
0.573591093607409
0.573321933505772
0.573053038916312
0.572784410914608
0.572516050575171
0.572247958971442
0.571980137175787
0.571712586259493
0.571445307292763
0.571178301344713
0.570911569483367
0.57064511277565
0.570378932287391
0.57011302908331
0.56984740422702
0.56958205878102
0.569316993806691
0.569052210364293
0.56878770951296
0.568523492310694
0.568259559814363
0.567995913079699
0.567732553161286
0.567469481112565
0.567206697985823
0.566944204832192
0.566682002701645
0.56642009264299
0.566158475703867
0.565897152930742
0.565636125368908
0.565375394062473
0.565114960054363
0.564854824386314
0.564594988098867
0.564335452231367
0.564076217821958
0.563817285907577
0.563558657523951
0.563300333705594
0.5630423154858
0.562784603896641
0.562527199968965
0.562270104732386
0.562013319215284
0.561756844444803
0.561500681446839
0.561244831246045
0.560989294865822
0.560734073328315
0.560479167654408
0.560224578863726
0.559970307974622
0.55971635600418
0.559462723968207
0.559209412881232
0.558956423756497
0.55870375760596
0.558451415440285
0.558199398268839
0.557947707099692
0.557696342939607
0.557445306794041
0.557194599667138
0.556944222561727
0.556694176479315
0.556444462420086
0.556195081382897
0.555946034365271
0.555697322363396
0.555448946372119
0.555200907384945
0.554953206394028
0.554705844390173
0.554458822362826
0.554212141300077
0.553965802188648
0.553719806013897
0.553474153759807
0.553228846408986
0.552983884942665
0.552739270340689
0.552495003581515
0.55225108564221
0.552007517498446
0.551764300124496
0.551521434493228
0.551278921576104
0.551036762343176
0.55079495776308
0.550553508803035
0.550312416428835
0.550071681604851
0.549831305294021
0.54959128845785
0.549351632056405
0.549112337048311
0.548873404390748
0.548634835039447
0.548396629948684
0.548158790071279
0.547921316358592
0.547684209760517
0.547447471225481
0.547211101700437
0.546975102130862
0.546739473460755
0.546504216632631
0.546269332587516
0.546034822264946
0.545800686602962
0.545566926538106
0.545333543005419
0.545100536938433
0.544867909269174
0.544635660928152
0.544403792844359
0.544172305945267
0.543941201156824
0.54371047940345
0.543480141608029
0.543250188691914
0.543020621574915
0.542791441175301
0.542562648409793
0.542334244193562
0.542106229440225
0.541878605061839
0.541651371968903
0.541424531070349
0.541198083273539
0.540972029484264
0.54074637060674
0.540521107543602
0.540296241195901
0.540071772463103
0.539847702243082
0.539624031432119
0.539400760924897
0.539177891614498
0.538955424392398
0.538733360148466
0.538511699770959
0.538290444146517
0.538069594160165
0.5378491506953
0.537629114633696
0.537409486855498
0.537190268239216
0.536971459661724
0.536753061998257
0.536535076122404
0.536317502906109
0.536100343219665
0.53588359793171
0.535667267909225
0.535451354017529
0.535235857120279
0.53502077807946
0.53480611775539
0.534591877006709
0.534378056690379
0.534164657661683
0.533951680774215
0.533739126879883
0.533526996828902
0.533315291469792
0.533104011649375
0.532893158212769
0.532682732003387
0.532472733862935
0.532263164631404
0.532054025147072
0.531845316246496
0.531637038764511
0.531429193534226
0.531221781387023
0.53101480315255
0.53080825965872
0.530602151731705
0.530396480195938
0.530191245874105
0.529986449587142
0.529782092154235
0.529578174392812
0.529374697118545
0.529171661145343
0.528969067285348
0.528766916348937
0.528565209144712
0.528363946479503
0.528163129158359
0.52796275798455
0.52776283375956
0.527563357283085
0.527364329353032
0.527165750765512
0.526967622314839
0.526769944793526
0.526572718992284
0.526375945700014
0.526179625703811
0.525983759788953
0.525788348738905
0.52559339333531
0.525398894357989
0.525204852584939
0.525011268792326
0.524818143754484
0.524625478243914
0.524433273031278
0.524241528885396
0.524050246573245
0.523859426859953
0.523669070508799
0.523479178281209
0.52328975093675
0.523100789233133
0.522912293926203
0.522724265769941
0.522536705516461
0.522349613916002
0.522162991716931
0.521976839665737
0.521791158507027
0.521605948983525
0.521421211836071
0.521236947803611
0.521053157623202
0.520869842030005
0.52068700175728
0.52050463753639
0.520322750096792
0.520141340166033
0.519960408469754
0.519779955731682
0.519599982673627
0.519420490015482
0.519241478475215
0.519062948768875
0.518884901610578
0.518707337712514
0.518530257784938
0.518353662536169
0.518177552672588
0.518001928898634
0.517826791916802
0.517652142427641
0.517477981129747
0.517304308719765
0.517131125892385
0.516958433340338
0.516786231754395
0.51661452182336
0.516443304234074
0.516272579671407
0.516102348818256
0.515932612355546
0.51576337096222
0.515594625315246
0.515426376089605
0.515258623958294
0.515091369592322
0.514924613660704
0.514758356830466
0.514592599766634
0.514427343132236
0.514262587588298
0.514098333793843
0.513934582405885
0.51377133407943
0.513608589467471
0.513446349220985
0.513284613988935
0.51312338441826
0.512962661153878
0.512802444838683
0.512642736113539
0.512483535617282
0.512324843986712
0.512166661856597
0.512008989859664
0.511851828626601
0.511695178786054
0.51153904096462
0.511383415786852
0.51122830387525
0.511073705850261
0.510919622330277
0.510766053931632
0.510613001268599
0.510460464953389
0.510308445596147
0.51015694380495
0.510005960185805
0.509855495342646
0.509705549877333
0.509556124389648
0.509407219477291
0.509258835735882
0.509110973758956
0.508963634137962
0.508816817462256
0.508670524319107
0.508524755293685
0.508379510969067
0.50823479192623
0.50809059874405
0.5079469319993
0.507803792266646
0.507661180118647
0.507519096125751
0.507377540856295
0.507236514876499
0.507096018750467
0.506956053040183
0.50681661830551
0.506677715104186
0.506539343991825
0.50640150552191
0.506264200245795
0.506127428712702
0.505991191469715
0.505855489061785
0.505720322031719
0.505585690920187
0.505451596265713
0.505318038604674
0.505185018471301
0.505052536397676
0.504920592913725
0.504789188547223
0.504658323823787
0.504527999266876
0.504398215397787
0.504268972735656
0.504140271797454
0.504012113097984
0.503884497149881
0.503757424463607
0.503630895547455
0.503504910907539
0.503379471047798
0.503254576469991
0.503130227673696
0.503006425156309
0.502883169413038
0.502760460936907
0.50263830021875
0.50251668774721
0.502395624008735
0.502275109487582
0.502155144665807
0.50203573002327
0.50191686603763
0.501798553184341
0.501680791936656
0.50156358276562
0.501446926140068
0.501330822526627
0.501215272389712
0.501100276191522
0.500985834392043
0.500871947449041
0.500758615818064
0.500645839952439
0.500533620303269
0.500421957319432
0.500310851447579
0.500200303132136
0.500090312815293
0.499980880937014
0.499872007935024
0.499763694244816
0.499655940299644
0.499548746530525
0.499442113366233
0.4993360412333
0.499230530556015
0.49912558175642
0.499021195254311
0.498917371467234
0.498814110810483
0.498711413697101
0.498609280537876
0.49850771174134
0.49840670771377
0.49830626885918
0.498206395579326
0.498107088273702
0.498008347339535
0.497910173171791
0.497812566163164
0.497715526704084
0.497619055182707
0.49752315198492
0.497427817494336
0.497333052092292
0.49723885615785
0.497145230067794
0.497052174196627
0.496959688916573
0.496867774597573
0.496776431607284
0.496685660311078
0.49659546107204
0.496505834250968
0.496416780206367
0.496328299294454
0.496240391869153
0.496153058282094
0.496066298882609
0.495980114017738
0.495894504032219
0.495809469268492
0.495725010066697
0.495641126764669
0.495557819697941
0.495475089199743
0.495392935600996
0.495311359230314
0.495230360414003
0.495149939476057
0.49507009673816
0.494990832519684
0.494912147137685
0.494834040906904
0.494756514139767
0.494679567146379
0.49460320023453
0.494527413709686
0.494452207874994
0.494377583031277
0.494303539477033
0.494230077508439
0.49415719741934
0.494084899501257
0.494013184043382
0.493942051332577
0.493871501653372
0.493801535287966
0.493732152516224
0.493663353615678
0.493595138861522
0.493527508526616
0.493460462881481
0.4933940021943
0.493328126730915
0.493262836754828
0.493198132527198
0.493134014306843
0.493070482350236
0.493007536911503
0.492945178242427
0.492883406592443
0.492822222208636
0.492761625335745
0.492701616216157
0.492642195089907
0.492583362194681
0.492525117765811
0.492467462036273
0.49241039523669
0.49235391759533
0.492298029338104
0.492242730688563
0.492188021867903
0.492133903094959
0.492080374586206
0.492027436555758
0.491975089215366
0.491923332774421
0.491872167439948
0.491821593416607
0.491771610906696
0.491722220110144
0.491673421224515
0.491625214445003
0.491577599964435
0.491530577973271
0.491484148659597
0.49143831220913
0.491393068805218
0.491348418628832
0.491304361858574
0.49126089867067
0.491218029238974
0.491175753734964
0.49113407232774
0.491092985184028
0.491052492468178
0.49101259434216
0.490973290965566
0.49093458249561
0.490896469087126
0.490858950892567
0.490822028062006
0.490785700743134
0.49074996908126
0.490714833219312
0.490680293297832
0.49064634945498
0.490613001826532
0.490580250545878
0.490548095744022
0.490516537549585
0.490485576088799
0.490455211485509
0.490425443861174
0.490396273334865
0.490367700023264
0.490339724040663
0.490312345498967
0.49028556450769
0.490259381173956
0.490233795602497
0.490208807895657
0.490184418153386
0.490160626473243
0.490137432950395
0.490114837677616
0.490092840745286
0.490071442241394
0.490050642251533
0.490030440858904
0.490010838144312
0.489991834186168
0.489973429060488
0.489955622840891
0.489938415598604
0.489921807402454
0.489905798318875
0.489890388411903
0.489875577743178
0.489861366371942
0.489847754355041
0.489834741746922
0.489822328599637
0.489810514962838
0.489799300883778
0.489788686407316
0.489778671575907
0.489769256429613
0.489760441006093
0.489752225340609
0.489744609466024
0.489737593412801
0.489731177209004
0.489725360880299
0.48972014444995
0.489715527938823
0.489711511365385
0.489708094745701
0.489705278093438
0.489703061419863
0.489701444733842
0.489700428041842
0.48970001134793
0.489700194653773
0.489700977958637
0.489702361259389
0.489704344550496
0.489706927824025
0.489710111069643
0.489713894274616
0.489718277423813
0.489723260499699
0.489728843482344
0.489735026349415
0.48974180907618
0.48974919163551
0.489757173997872
0.489765756131339
0.489774938001581
0.489784719571872
0.489795100803084
0.489806081653693
0.489817662079776
0.489829842035011
0.489842621470677
0.489856000335658
0.489869978576438
0.489884556137104
0.489899732959345
0.489915508982455
0.489931884143329
0.489948858376467
0.489966431613972
0.48998460378555
0.490003374818514
0.490022744637779
0.490042713165866
0.490063280322901
0.490084446026615
0.490106210192345
0.490128572733035
0.490151533559235
0.490175092579101
0.490199249698397
0.490224004820495
0.490249357846375
0.490275308674624
0.490301857201439
0.490329003320626
0.490356746923601
0.490385087899389
0.490414026134626
0.490443561513559
0.490473693918048
0.490504423227561
0.490535749319184
0.490567672067609
0.490600191345148
0.490633307021723
0.49066701896487
0.490701327039743
0.49073623110911
0.490771731033353
0.490807826670474
0.490844517876089
0.490881804503434
0.490919686403363
0.490958163424348
0.490997235412481
0.491036902211474
0.49107716366266
0.491118019604993
0.49115946987505
0.491201514307029
0.491244152732753
0.491287384981667
0.491331210880845
0.49137563025498
0.491420642926397
0.491466248715045
0.4915124474385
0.491559238911968
0.491606622948282
0.491654599357908
0.491703167948938
0.491752328527099
0.49180208089575
0.491852424855879
0.491903360206111
0.491954886742706
0.492007004259557
0.492059712548194
0.492113011397784
0.492166900595131
0.492221379924679
0.492276449168511
0.49233210810635
0.49238835651556
0.492445194171147
0.492502620845762
0.492560636309696
0.49261924033089
0.492678432674926
0.492738213105035
0.492798581382095
0.492859537264635
0.492921080508829
0.492983210868506
0.493045928095144
0.493109231937873
0.49317312214348
0.493237598456403
0.493302660618736
0.493368308370232
0.493434541448299
0.493501359588006
0.493568762522079
0.493636749980907
0.49370532169254
0.493774477382693
0.493844216774741
0.493914539589727
0.493985445546361
0.494056934361018
0.494129005747743
0.494201659418252
0.494274895081929
0.494348712445831
0.49442311121469
0.494498091090911
0.494573651774573
0.494649792963435
0.494726514352932
0.494803815636178
0.494881696503968
0.494960156644779
0.495039195744771
0.495118813487786
0.495199009555355
0.495279783626693
0.495361135378704
0.495443064485981
0.495525570620808
0.49560865345316
0.495692312650706
0.495776547878809
0.495861358800529
0.495946745076622
0.496032706365543
0.496119242323447
0.496206352604191
0.496294036859332
0.496382294738135
0.496471125887568
0.496560529952307
0.496650506574734
0.496741055394945
0.496832176050743
0.496923868177647
0.497016131408888
0.497108965375413
0.497202369705886
0.49729634402669
0.497390887961929
0.497486001133426
0.497581683160728
0.497677933661109
0.497774752249565
0.497872138538824
0.497970092139339
0.498068612659296
0.498167699704614
0.498267352878945
0.498367571783675
0.49846835601793
0.498569705178572
0.498671618860206
0.498774096655176
0.498877138153571
0.498980742943227
0.499084910609722
0.499189640736388
0.499294932904304
0.4994007866923
0.499507201676963
0.499614177432633
0.499721713531405
0.499829809543137
0.499938465035445
0.500047679573706
0.500157452721062
0.500267784038421
0.500378673084459
0.500490119415618
0.500602122586114
0.500714682147934
0.50082779765084
0.500941468642371
0.501055694667842
0.501170475270349
0.501285809990771
0.501401698367768
0.501518139937787
0.501635134235062
0.501752680791616
0.501870779137263
0.50198942879961
0.502108629304058
0.502228380173805
0.502348680929849
0.502469531090985
0.502590930173814
0.50271287769274
0.502835373159972
0.502958416085529
0.503082005977239
0.503206142340743
0.503330824679496
0.503456052494769
0.50358182528565
0.503708142549048
0.503835003779694
0.503962408470145
0.50409035611078
0.50421884618981
0.504347878193275
0.504477451605047
0.504607565906832
0.504738220578173
0.504869415096452
0.50500114893689
0.505133421572554
0.505266232474351
0.50539958111104
0.505533466949225
0.505667889453363
0.505802848085765
0.505938342306596
0.506074371573879
0.506210935343498
0.506348033069198
0.506485664202587
0.506623828193142
0.506762524488207
0.506901752532996
0.507041511770599
0.507181801641977
0.507322621585972
0.507463971039305
0.507605849436576
0.507748256210274
0.507891190790772
0.50803465260633
0.508178641083102
0.508323155645135
0.50846819571437
0.508613760710647
0.508759850051706
0.508906463153191
0.509053599428648
0.509201258289534
0.509349439145213
0.509498141402961
0.50964736446797
0.509797107743347
0.509947370630121
0.510098152527239
0.510249452831574
0.510401270937925
0.51055360623902
0.510706458125518
0.510859825986011
0.511013709207029
0.511168107173038
0.511323019266447
0.511478444867608
0.511634383354819
0.511790834104325
0.511947796490324
0.512105269884967
0.512263253658361
0.512421747178569
0.51258074981162
0.512740260921501
0.51290027987017
0.51306080601755
0.513221838721538
0.513383377338001
0.513545421220787
0.51370796972172
0.513871022190606
0.514034577975235
0.514198636421385
0.514363196872822
0.514528258671305
0.514693821156585
0.514859883666415
0.515026445536543
0.515193506100723
0.515361064690713
0.515529120636278
0.515697673265195
0.515866721903253
0.516036265874259
0.516206304500036
0.516376837100431
0.516547862993313
0.516719381494579
0.516891391918155
0.517063893575999
0.517236885778105
0.517410367832506
0.517584339045271
0.517758798720518
0.517933746160407
0.51810918066515
0.518285101533007
0.518461508060297
0.518638399541392
0.518815775268728
0.518993634532802
0.519171976622177
0.519350800823484
0.519530106421428
0.519709892698786
0.519890158936413
0.520070904413244
0.520252128406299
0.52043383019068
0.520616009039582
0.520798664224289
0.52098179501418
0.521165400676733
0.521349480477525
0.521534033680238
0.521719059546658
0.521904557336683
0.522090526308321
0.522276965717698
0.522463874819055
0.522651252864756
0.52283909910529
0.523027412789271
0.523216193163446
0.523405439472693
0.523595150960027
0.523785326866602
0.523975966431715
0.524167068892808
0.524358633485472
0.524550659443448
0.524743145998632
0.52493609238108
0.525129497819004
0.525323361538785
0.525517682764967
0.525712460720266
0.52590769462557
0.526103383699943
0.526299527160631
0.526496124223058
0.526693174100838
0.526890676005771
0.527088629147849
0.52728703273526
0.527485885974391
0.527685188069828
0.527884938224364
0.528085135638997
0.528285779512939
0.528486869043615
0.528688403426666
0.528890381855955
0.529092803523569
0.529295667619822
0.529498973333257
0.529702719850652
0.52990690635702
0.530111532035617
0.53031659606794
0.530522097633732
0.530728035910988
0.530934410075956
0.531141219303138
0.531348462765298
0.531556139633462
0.531764249076924
0.531972790263246
0.532181762358262
0.532391164526087
0.532600995929109
0.532811255728006
0.533021943081737
0.533233057147553
0.533444597080999
0.533656562035915
0.533868951164441
0.534081763617022
0.534294998542407
0.534508655087658
0.534722732398148
0.534937229617568
0.53515214588793
0.53536748034957
0.535583232141148
0.53579940039966
0.536015984260431
0.536232982857127
0.536450395321754
0.536668220784661
0.536886458374548
0.537105107218465
0.537324166441816
0.537543635168364
0.537763512520236
0.537983797617922
0.538204489580282
0.538425587524548
0.538647090566328
0.538868997819612
0.53909130839677
0.539314021408561
0.539537135964132
0.539760651171025
0.539984566135181
0.540208879960939
0.540433591751045
0.540658700606651
0.540884205627322
0.54111010591104
0.541336400554202
0.541563088651631
0.541790169296575
0.542017641580711
0.54224550459415
0.542473757425441
0.542702399161573
0.542931428887978
0.543160845688539
0.543390648645589
0.543620836839915
0.543851409350766
0.544082365255853
0.54431370363135
0.544545423551906
0.54477752409064
0.545010004319152
0.54524286330752
0.545476100124309
0.545709713836572
0.545943703509854
0.546178068208197
0.546412806994143
0.546647918928736
0.54688340307153
0.547119258480587
0.547355484212487
0.547592079322327
0.547829042863727
0.548066373888833
0.548304071448321
0.548542134591402
0.548780562365823
0.549019353817873
0.549258507992387
0.549498023932748
0.549737900680894
0.549978137277316
0.55021873276107
0.550459686169774
0.550700996539614
0.550942662905349
0.551184684300314
0.551427059756424
0.551669788304177
0.551912868972659
0.552156300789549
0.552400082781119
0.552644213972241
0.552888693386391
0.553133520045652
0.553378692970718
0.553624211180896
0.553870073694115
0.554116279526924
0.554362827694502
0.554609717210655
0.554856947087825
0.555104516337095
0.555352423968186
0.555600668989468
0.555849250407963
0.556098167229344
0.556347418457945
0.55659700309676
0.556846920147453
0.557097168610354
0.557347747484471
0.557598655767489
0.557849892455773
0.558101456544379
0.55835334702705
0.558605562896224
0.558858103143038
0.559110966757332
0.559364152727652
0.559617660041254
0.559871487684108
0.560125634640906
0.560380099895058
0.560634882428706
0.560889981222718
0.5611453952567
0.561401123508997
0.561657164956695
0.56191351857563
0.562170183340386
0.562427158224305
0.562684442199489
0.562942034236801
0.563199933305874
0.563458138375111
0.563716648411694
0.563975462381581
0.564234579249518
0.564493997979038
0.564753717532465
0.565013736870922
0.565274054954332
0.565534670741423
0.565795583189732
0.56605679125561
0.566318293894225
0.566580090059566
0.566842178704449
0.567104558780521
0.56736722923826
0.567630189026986
0.567893437094861
0.56815697238889
0.568420793854935
0.56868490043771
0.568949291080788
0.569213964726607
0.569478920316474
0.569744156790565
0.570009673087937
0.570275468146522
0.570541540903143
0.570807890293508
0.57107451525222
0.571341414712779
0.571608587607589
0.571876032867957
0.572143749424103
0.572411736205162
0.572679992139186
0.572948516153152
0.573217307172964
0.573486364123459
0.573755685928409
0.574025271510528
0.574295119791473
0.574565229691852
0.574835600131225
0.575106230028111
0.575377118299991
0.575648263863312
0.575919665633492
0.576191322524924
0.576463233450982
0.576735397324021
0.577007813055388
0.577280479555418
0.577553395733447
0.57782656049781
0.578099972755849
0.578373631413915
0.578647535377373
0.578921683550608
0.579196074837028
0.579470708139068
0.579745582358195
0.580020696394913
0.580296049148765
0.580571639518342
0.580847466401282
0.581123528694278
0.581399825293081
0.581676355092505
0.581953116986431
0.582230109867812
0.582507332628678
0.582784784160136
0.583062463352382
0.583340369094699
0.583618500275465
0.583896855782154
0.584175434501346
0.584454235318726
0.584733257119092
0.585012498786355
0.58529195920355
0.585571637252836
0.585851531815501
0.586131641771967
0.586411966001794
0.586692503383686
0.586973252795494
0.58725421311422
0.587535383216024
0.587816761976226
0.58809834826931
0.588380140968933
0.588662138947923
0.58894434107829
0.589226746231224
0.589509353277107
0.589792161085509
0.5900751685252
0.590358374464152
0.590641777769539
0.59092537730775
0.591209171944387
0.591493160544271
0.591777341971449
0.592061715089195
0.592346278760017
0.592631031845661
0.592915973207115
0.593201101704613
0.593486416197643
0.593771915544947
0.594057598604527
0.594343464233652
0.594629511288859
0.594915738625961
0.595202145100049
0.595488729565497
0.595775490875968
0.596062427884417
0.596349539443096
0.59663682440356
0.596924281616668
0.597211909932593
0.597499708200822
0.597787675270161
