-0.0597
-0.0597006749994937
-0.0597026999919
-0.0597060749589939
-0.0597107998704006
-0.0597168746835961
-0.0597242993439071
-0.0597330737845116
-0.0597431979264398
-0.0597546716785745
-0.0597674949376519
-0.0597816675882628
-0.0597971895028535
-0.0598140605417268
-0.0598322805530435
-0.0598518493728236
-0.0598727668249479
-0.0598950327211595
-0.0599186468610653
-0.0599436090321384
-0.0599699190097194
-0.0599975765570186
-0.0600265814251182
-0.0600569333529748
-0.0600886320674211
-0.0601216772831689
-0.0601560687028115
-0.0601918060168263
-0.0602288889035779
-0.0602673170293203
-0.0603070900482009
-0.0603482076022626
-0.0603906693214477
-0.0604344748236011
-0.0604796237144736
-0.0605261155877254
-0.06057395002493
-0.0606231265955777
-0.0606736448570799
-0.0607255043547724
-0.0607787046219201
-0.060833245179721
-0.0608891255373104
-0.0609463451917655
-0.0610049036281098
-0.0610648003193178
-0.0611260347263196
-0.061188606298006
-0.0612525144712333
-0.0613177586708283
-0.0613843383095936
-0.0614522527883131
-0.0615215014957568
-0.0615920838086869
-0.0616639990918629
-0.0617372466980478
-0.0618118259680138
-0.0618877362305477
-0.0619649768024579
-0.0620435469885796
-0.0621234460817818
-0.0622046733629731
-0.0622872281011085
-0.0623711095531959
-0.062456316964303
-0.0625428495675634
-0.0626307065841844
-0.0627198872234535
-0.0628103906827454
-0.0629022161475297
-0.0629953627913778
-0.0630898297759705
-0.0631856162511055
-0.0632827213547054
-0.0633811442128247
-0.0634808839396585
-0.0635819396375499
-0.0636843103969982
-0.0637879952966673
-0.0638929934033938
-0.0639993037721956
-0.0641069254462799
-0.0642158574570524
-0.0643260988241258
-0.0644376485553285
-0.0645505056467137
-0.0646646690825683
-0.0647801378354222
-0.0648969108660573
-0.0650149871235172
-0.0651343655451164
-0.0652550450564499
-0.0653770245714028
-0.0655003029921605
-0.0656248792092179
-0.0657507521013898
-0.0658779205358212
-0.066006383367997
-0.0661361394417526
-0.0662671875892841
-0.0663995266311591
-0.0665331553763272
-0.0666680726221305
-0.0668042771543147
-0.06694176774704
-0.067080543162892
-0.0672206021528928
-0.0673619434565126
-0.0675045658016804
-0.0676484679047961
-0.067793648470742
-0.0679401061928936
-0.0680878397531327
-0.0682368478218581
-0.0683871290579983
-0.0685386821090231
-0.068691505610956
-0.0688455981883866
-0.0690009584544828
-0.0691575850110032
-0.0693154764483098
-0.0694746313453807
-0.0696350482698231
-0.0697967257778856
-0.0699596624144717
-0.0701238567131529
-0.0702893071961815
-0.0704560123745043
-0.0706239707477758
-0.0707931808043719
-0.0709636410214031
-0.0711353498647286
-0.07130830578897
-0.0714825072375252
-0.0716579526425823
-0.0718346404251338
-0.0720125689949909
-0.0721917367507977
-0.0723721420800455
-0.0725537833590876
-0.0727366589531538
-0.0729207672163648
-0.0731061064917477
-0.0732926751112502
-0.0734804713957558
-0.0736694936550995
-0.0738597401880821
-0.074051209282486
-0.0742438992150908
-0.0744378082516882
-0.0746329346470985
-0.0748292766451852
-0.0750268324788717
-0.0752256003701568
-0.0754255785301309
-0.0756267651589919
-0.0758291584460615
-0.0760327565698014
-0.07623755769783
-0.0764435599869384
-0.0766507615831074
-0.0768591606215241
-0.0770687552265985
-0.0772795435119806
-0.0774915235805773
-0.0777046935245694
-0.0779190514254287
-0.0781345953539357
-0.0783513233701965
-0.0785692335236604
-0.0787883238531373
-0.079008592386816
-0.0792300371422809
-0.079452656126531
-0.0796764473359968
-0.0799014087565588
-0.0801275383635659
-0.0803548341218532
-0.0805832939857602
-0.0808129158991498
-0.0810436977954264
-0.0812756375975544
-0.0815087332180771
-0.0817429825591355
-0.0819783835124873
-0.0822149339595253
-0.0824526317712971
-0.0826914748085241
-0.0829314609216205
-0.0831725879507129
-0.0834148537256597
-0.0836582560660705
-0.083902792781326
-0.0841484616705973
-0.0843952605228661
-0.0846431871169444
-0.0848922392214945
-0.0851424145950491
-0.0853937109860316
-0.0856461261327762
-0.0858996577635483
-0.0861543035965648
-0.086410061340015
-0.0866669286920809
-0.0869249033409581
-0.0871839829648766
-0.0874441652321213
-0.0877054478010538
-0.0879678283201326
-0.0882313044279348
-0.0884958737531772
-0.0887615339147377
-0.0890282825216767
-0.0892961171732585
-0.0895650354589729
-0.0898350349585573
-0.090106113242018
-0.0903782678696523
-0.0906514963920703
-0.0909257963502172
-0.0912011652753952
-0.0914776006892859
-0.0917551001039724
-0.0920336610219618
-0.0923132809362078
-0.092593957330133
-0.0928756876776517
-0.0931584694431928
-0.0934423000817222
-0.0937271770387662
-0.094013097750434
-0.0943000596434412
-0.0945880601351326
-0.0948770966335058
-0.0951671665372342
-0.0954582672356907
-0.095750396108971
-0.0960435505279171
-0.0963377278541413
-0.0966329254400496
-0.0969291406288657
-0.097226370754655
-0.0975246131423483
-0.0978238651077661
-0.0981241239576429
-0.0984253869896508
-0.0987276514924247
-0.0990309147455861
-0.0993351740197678
-0.0996404265766384
-0.0999466696689269
-0.100253900540447
-0.100562116426124
-0.100871314552017
-0.101181492135344
-0.101492646384509
-0.101804774499126
-0.102117873670045
-0.102431941079374
-0.10274697390051
-0.103062969298158
-0.103379924428363
-0.103697836438531
-0.104016702467455
-0.104336519645344
-0.104657285093844
-0.10497899592607
-0.105301649246625
-0.105625242151633
-0.105949771728758
-0.106275235057238
-0.106601629207904
-0.106928951243211
-0.107257198217264
-0.107586367175841
-0.107916455156424
-0.108247459188224
-0.108579376292206
-0.108912203481119
-0.10924593775952
-0.109580576123804
-0.109916115562226
-0.110252553054935
-0.110589885573995
-0.110928110083416
-0.11126722353918
-0.111607222889267
-0.111948105073686
-0.1122898670245
-0.112632505665853
-0.112976017914
-0.113320400677332
-0.113665650856408
-0.114011765343978
-0.114358741025014
-0.114706574776738
-0.115055263468647
-0.115404803962546
-0.115755193112573
-0.116106427765227
-0.1164585047594
-0.116811420926401
-0.117165173089987
-0.11751975806639
-0.117875172664348
-0.118231413685132
-0.118588477922576
-0.118946362163104
-0.119305063185759
-0.119664577762236
-0.120024902656905
-0.120386034626845
-0.12074797042187
-0.121110706784562
-0.121474240450294
-0.121838568147266
-0.122203686596532
-0.122569592512029
-0.122936282600604
-0.12330375356205
-0.123672002089131
-0.124041024867613
-0.124410818576293
-0.12478137988703
-0.125152705464774
-0.125524791967599
-0.125897636046728
-0.126271234346566
-0.126645583504733
-0.127020680152087
-0.127396520912762
-0.127773102404193
-0.128150421237149
-0.128528474015764
-0.128907257337565
-0.129286767793504
-0.129667001967991
-0.130047956438919
-0.130429627777702
-0.1308120125493
-0.131195107312253
-0.131578908618709
-0.131963413014461
-0.132348617038971
-0.132734517225406
-0.133121110100665
-0.133508392185418
-0.133896359994126
-0.134285010035082
-0.134674338810439
-0.135064342816241
-0.135455018542453
-0.135846362472998
-0.136238371085781
-0.136631040852729
-0.137024368239816
-0.137418349707098
-0.137812981708745
-0.138208260693072
-0.138604183102569
-0.139000745373939
-0.139397943938123
-0.139795775220337
-0.140194235640103
-0.140593321611278
-0.140993029542093
-0.141393355835177
-0.141794296887599
-0.14219584909089
-0.142598008831083
-0.143000772488744
-0.143404136439002
-0.143808097051585
-0.14421265069085
-0.144617793715816
-0.1450235224802
-0.145429833332445
-0.145836722615756
-0.146244186668132
-0.1466522218224
-0.147060824406246
-0.14746999074225
-0.147879717147917
-0.148289999935712
-0.148700835413093
-0.149112219882544
-0.149524149641607
-0.149936620982917
-0.150349630194235
-0.15076317355848
-0.151177247353765
-0.15159184785343
-0.152006971326071
-0.152422614035581
-0.152838772241178
-0.153255442197441
-0.153672620154344
-0.154090302357286
-0.154508485047132
-0.154927164460241
-0.155346336828499
-0.155765998379359
-0.156186145335869
-0.156606773916711
-0.157027880336228
-0.157449460804467
-0.157871511527207
-0.158294028705992
-0.158717008538172
-0.159140447216932
-0.159564340931325
-0.159988685866311
-0.160413478202789
-0.16083871411763
-0.161264389783714
-0.161690501369964
-0.162117045041377
-0.162544016959064
-0.162971413280279
-0.16339923015846
-0.163827463743257
-0.16425611018057
-0.164685165612585
-0.165114626177806
-0.16554448801109
-0.165974747243684
-0.166405400003257
-0.166836442413939
-0.167267870596349
-0.167699680667637
-0.168131868741516
-0.168564430928296
-0.16899736333492
-0.169430662064999
-0.169864323218847
-0.170298342893518
-0.170732717182837
-0.171167442177438
-0.171602513964799
-0.172037928629277
-0.172473682252144
-0.172909770911619
-0.173346190682908
-0.173782937638235
-0.17422000784688
-0.174657397375216
-0.175095102286739
-0.175533118642107
-0.175971442499178
-0.176410069913038
-0.176848996936044
-0.177288219617856
-0.177727734005472
-0.178167536143267
-0.178607622073024
-0.179047987833972
-0.179488629462822
-0.179929542993804
-0.180370724458698
-0.180812169886873
-0.181253875305325
-0.181695836738707
-0.182138050209369
-0.182580511737393
-0.183023217340629
-0.183466163034728
-0.183909344833183
-0.184352758747361
-0.184796400786538
-0.185240266957941
-0.185684353266775
-0.186128655716269
-0.186573170307701
-0.187017893040445
-0.187462819911998
-0.187907946918022
-0.188353270052377
-0.188798785307157
-0.189244488672728
-0.189690376137763
-0.190136443689278
-0.190582687312668
-0.191029102991742
-0.191475686708764
-0.191922434444482
-0.192369342178171
-0.192816405887663
-0.193263621549387
-0.193710985138407
-0.194158492628453
-0.19460613999196
-0.195053923200106
-0.195501838222843
-0.195949881028941
-0.196398047586017
-0.196846333860575
-0.197294735818041
-0.197743249422801
-0.198191870638236
-0.198640595426757
-0.199089419749845
-0.199538339568083
-0.199987350841197
-0.200436449528087
-0.200885631586869
-0.201334892974908
-0.201784229648853
-0.202233637564678
-0.202683112677714
-0.203132650942689
-0.203582248313761
-0.204031900744557
-0.204481604188208
-0.204931354597387
-0.205381147924341
-0.205830980120935
-0.206280847138682
-0.206730744928782
-0.207180669442157
-0.20763061662949
-0.20808058244126
-0.208530562827776
-0.20898055373922
-0.209430551125675
-0.209880550937168
-0.210330549123703
-0.210780541635301
-0.211230524422031
-0.211680493434052
-0.212130444621646
-0.212580373935254
-0.213030277325516
-0.213480150743305
-0.213929990139762
-0.214379791466337
-0.214829550674821
-0.215279263717382
-0.215728926546608
-0.216178535115536
-0.216628085377692
-0.217077573287126
-0.21752699479845
-0.217976345866873
-0.21842562244824
-0.218874820499064
-0.219323935976565
-0.219772964838707
-0.220221903044234
-0.220670746552704
-0.22111949132453
-0.22156813332101
-0.222016668504371
-0.222465092837798
-0.222913402285476
-0.223361592812623
-0.223809660385526
-0.224257600971582
-0.224705410539327
-0.225153085058478
-0.225600620499968
-0.226048012835981
-0.226495258039988
-0.226942352086787
-0.227389290952533
-0.227836070614781
-0.228282687052515
-0.228729136246191
-0.229175414177769
-0.229621516830751
-0.230067440190216
-0.230513180242857
-0.230958732977016
-0.231404094382722
-0.231849260451725
-0.232294227177533
-0.232738990555449
-0.233183546582606
-0.233627891258002
-0.234072020582538
-0.234515930559054
-0.234959617192362
-0.235403076489285
-0.235846304458694
-0.236289297111539
-0.23673205046089
-0.237174560521969
-0.237616823312189
-0.238058834851187
-0.238500591160863
-0.238942088265413
-0.239383322191366
-0.23982428896762
-0.240264984625476
-0.240705405198677
-0.241145546723441
-0.241585405238496
-0.24202497678512
-0.24246425740717
-0.242903243151125
-0.243341930066116
-0.243780314203963
-0.244218391619212
-0.24465615836917
-0.245093610513939
-0.245530744116452
-0.245967555242509
-0.246404039960814
-0.246840194343008
-0.247276014463703
-0.247711496400521
-0.248146636234128
-0.248581430048269
-0.249015873929802
-0.249449963968735
-0.24988369625826
-0.25031706689479
-0.250750071977993
-0.251182707610825
-0.251614969899568
-0.252046854953865
-0.252478358886753
-0.2529094778147
-0.253340207857639
-0.253770545139001
-0.254200485785754
-0.254630025928436
-0.255059161701188
-0.25548788924179
-0.255916204691699
-0.256344104196077
-0.256771583903832
-0.25719863996765
-0.257625268544029
-0.258051465793314
-0.258477227879734
-0.258902550971432
-0.259327431240503
-0.259751864863028
-0.260175848019108
-0.260599376892895
-0.261022447672635
-0.261445056550691
-0.261867199723588
-0.26228887339204
-0.262710073760986
-0.263130797039626
-0.263551039441453
-0.263970797184289
-0.264390066490317
-0.264808843586115
-0.265227124702693
-0.265644906075523
-0.266062183944577
-0.266478954554355
-0.266895214153926
-0.267310958996955
-0.267726185341742
-0.268140889451253
-0.268555067593153
-0.268968716039843
-0.269381831068487
-0.269794408961056
-0.270206446004349
-0.270617938490036
-0.271028882714688
-0.27143927497981
-0.271849111591874
-0.272258388862353
-0.272667103107754
-0.273075250649652
-0.273482827814723
-0.273889830934773
-0.274296256346779
-0.274702100392913
-0.275107359420583
-0.275512029782459
-0.275916107836512
-0.276319589946041
-0.27672247247971
-0.277124751811579
-0.277526424321137
-0.277927486393334
-0.278327934418614
-0.278727764792947
-0.279126973917863
-0.279525558200483
-0.27992351405355
-0.280320837895464
-0.280717526150315
-0.281113575247909
-0.281508981623808
-0.281903741719357
-0.282297851981718
-0.282691308863901
-0.283084108824798
-0.28347624832921
-0.283867723847885
-0.284258531857546
-0.284648668840924
-0.285038131286788
-0.285426915689979
-0.28581501855144
-0.286202436378247
-0.286589165683644
-0.286975202987068
-0.287360544814188
-0.287745187696928
-0.288129128173506
-0.288512362788459
-0.28889488809268
-0.289276700643442
-0.289657797004435
-0.290038173745795
-0.290417827444134
-0.290796754682571
-0.291174952050763
-0.291552416144936
-0.291929143567916
-0.29230513092916
-0.292680374844783
-0.293054871937592
-0.293428618837116
-0.293801612179636
-0.294173848608214
-0.294545324772725
-0.294916037329886
-0.295285982943286
-0.295655158283417
-0.296023560027704
-0.296391184860533
-0.296758029473283
-0.297124090564356
-0.297489364839204
-0.297853849010361
-0.298217539797472
-0.298580433927322
-0.298942528133867
-0.299303819158261
-0.299664303748888
-0.300023978661388
-0.300382840658689
-0.300740886511037
-0.301098112996021
-0.301454516898605
-0.301810095011156
-0.302164844133474
-0.302518761072818
-0.30287184264394
-0.303224085669106
-0.303575486978133
-0.303926043408411
-0.304275751804934
-0.304624609020329
-0.304972611914884
-0.305319757356575
-0.305666042221094
-0.306011463391882
-0.306356017760149
-0.306699702224909
-0.307042513693004
-0.307384449079132
-0.307725505305878
-0.308065679303738
-0.308404968011148
-0.308743368374512
-0.30908087734823
-0.309417491894722
-0.30975320898446
-0.310088025595993
-0.310421938715973
-0.310754945339184
-0.31108704246857
-0.311418227115257
-0.311748496298587
-0.31207784704614
-0.31240627639376
-0.312733781385585
-0.313060359074074
-0.313386006520029
-0.313710720792625
-0.314034498969435
-0.31435733813646
-0.314679235388147
-0.315000187827425
-0.315320192565723
-0.315639246723001
-0.315957347427773
-0.316274491817136
-0.316590677036792
-0.316905900241076
-0.317220158592981
-0.317533449264185
-0.317845769435074
-0.318157116294767
-0.318467487041146
-0.318776878880876
-0.319085289029432
-0.319392714711125
-0.319699153159126
-0.320004601615491
-0.320309057331187
-0.320612517566113
-0.320914979589129
-0.32121644067808
-0.321516898119818
-0.321816349210227
-0.32211479125425
-0.32241222156591
-0.322708637468338
-0.32300403629379
-0.323298415383682
-0.323591772088601
-0.32388410376834
-0.324175407791916
-0.324465681537595
-0.324754922392915
-0.325043127754709
-0.325330295029133
-0.325616421631682
-0.325901504987218
-0.326185542529994
-0.326468531703673
-0.326750469961356
-0.327031354765598
-0.32731118358844
-0.327589953911424
-0.327867663225617
-0.32814430903164
-0.328419888839681
-0.328694400169523
-0.328967840550568
-0.329240207521852
-0.329511498632076
-0.32978171143962
-0.330050843512572
-0.330318892428745
-0.3305858557757
-0.33085173115077
-0.331116516161076
-0.331380208423557
-0.331642805564983
-0.331904305221983
-0.33216470504106
-0.332424002678618
-0.332682195800981
-0.332939282084412
-0.333195259215136
-0.33345012488936
-0.333703876813296
-0.333956512703177
-0.334208030285283
-0.334458427295957
-0.334707701481627
-0.334955850598828
-0.335202872414219
-0.335448764704605
-0.335693525256957
-0.335937151868433
-0.336179642346394
-0.336420994508428
-0.336661206182366
-0.336900275206306
-0.337138199428628
-0.337374976708015
-0.337610604913473
-0.33784508192435
-0.338078405630356
-0.338310573931577
-0.3385415847385
-0.338771435972031
-0.33900012556351
-0.339227651454731
-0.339454011597963
-0.339679203955966
-0.339903226502012
-0.340126077219898
-0.340347754103969
-0.340568255159135
-0.340787578400888
-0.34100572185532
-0.341222683559142
-0.3414384615597
-0.341653053914993
-0.341866458693691
-0.342078673975153
-0.342289697849443
-0.342499528417347
-0.342708163790392
-0.342915602090861
-0.34312184145181
-0.343326880017086
-0.343530715941345
-0.343733347390063
-0.34393477253956
-0.344134989577009
-0.34433399670046
-0.34453179211885
-0.34472837405202
-0.344923740730736
-0.345117890396697
-0.345310821302559
-0.345502531711945
-0.345693019899462
-0.345882284150718
-0.346070322762336
-0.346257134041969
-0.346442716308318
-0.346627067891143
-0.346810187131281
-0.346992072380661
-0.347172722002315
-0.3473521343704
-0.347530307870205
-0.347707240898169
-0.347882931861896
-0.34805737918017
-0.348230581282965
-0.348402536611463
-0.348573243618068
-0.348742700766418
-0.3489109065314
-0.349077859399162
-0.349243557867131
-0.349408000444021
-0.34957118564985
-0.349733112015952
-0.349893778084991
-0.350053182410974
-0.350211323559262
-0.350368200106587
-0.35052381064106
-0.350678153762189
-0.350831228080885
-0.35098303221948
-0.35113356481174
-0.351282824502871
-0.351430809949537
-0.35157751981987
-0.351722952793483
-0.351867107561478
-0.352009982826466
-0.352151577302569
-0.352291889715437
-0.352430918802261
-0.352568663311779
-0.352705122004291
-0.352840293651671
-0.352974177037374
-0.35310677095645
-0.353238074215556
-0.353368085632964
-0.35349680403857
-0.35362422827391
-0.353750357192167
-0.353875189658182
-0.353998724548464
-0.354120960751198
-0.354241897166261
-0.354361532705224
-0.35447986629137
-0.354596896859696
-0.354712623356929
-0.35482704474153
-0.354940159983708
-0.355051968065427
-0.355162467980414
-0.355271658734172
-0.355379539343983
-0.355486108838924
-0.355591366259869
-0.355695310659502
-0.355797941102325
-0.355899256664665
-0.355999256434681
-0.356097939512377
-0.356195305009605
-0.356291352050077
-0.35638607976937
-0.356479487314935
-0.356571573846106
-0.356662338534103
-0.356751780562045
-0.356839899124955
-0.356926693429765
-0.357012162695329
-0.357096306152423
-0.357179123043756
-0.357260612623978
-0.357340774159682
-0.357419606929415
-0.357497110223683
-0.357573283344956
-0.357648125607677
-0.357721636338267
-0.357793814875129
-0.357864660568656
-0.357934172781239
-0.358002350887267
-0.358069194273138
-0.358134702337262
-0.358198874490067
-0.358261710154004
-0.358323208763552
-0.358383369765225
-0.358442192617573
-0.358499676791192
-0.358555821768724
-0.358610627044865
-0.358664092126368
-0.358716216532047
-0.358766999792783
-0.358816441451528
-0.358864541063305
-0.35891129819522
-0.358956712426459
-0.359000783348293
-0.359043510564085
-0.359084893689289
-0.359124932351459
-0.359163626190246
-0.359200974857407
-0.359236978016803
-0.359271635344406
-0.359304946528301
-0.359336911268686
-0.359367529277881
-0.359396800280322
-0.359424724012571
-0.359451300223314
-0.359476528673367
-0.359500409135672
-0.359522941395306
-0.359544125249479
-0.359563960507536
-0.359582446990961
-0.359599584533374
-0.359615372980538
-0.359629812190357
-0.359642902032878
-0.359654642390293
-0.359665033156939
-0.359674074239299
-0.359681765556003
-0.359688107037829
-0.359693098627705
-0.359696740280705
-0.359699031964055
-0.35969997365713
-0.359699565351455
-0.359697807050703
-0.359694698770701
-0.359690240539423
-0.359684432396992
-0.359677274395682
-0.359668766599914
-0.35965890908626
-0.359647701943436
-0.359635145272306
-0.359621239185882
-0.359605983809316
-0.359589379279908
-0.359571425747098
-0.359552123372469
-0.35953147232974
-0.359509472804772
-0.35948612499556
-0.359461429112233
-0.359435385377056
-0.359407994024421
-0.359379255300851
-0.359349169464993
-0.35931773678762
-0.359284957551625
-0.359250832052023
-0.359215360595941
-0.359178543502624
-0.359140381103424
-0.359100873741802
-0.359060021773326
-0.359017825565661
-0.358974285498575
-0.358929401963926
-0.358883175365667
-0.358835606119837
-0.358786694654558
-0.358736441410034
-0.358684846838544
-0.358631911404437
-0.358577635584133
-0.358522019866113
-0.35846506475092
-0.358406770751147
-0.358347138391442
-0.358286168208495
-0.358223860751037
-0.358160216579834
-0.358095236267684
-0.35802892039941
-0.357961269571853
-0.357892284393871
-0.35782196548633
-0.357750313482099
-0.357677329026046
-0.357603012775031
-0.357527365397899
-0.357450387575476
-0.357372080000562
-0.357292443377925
-0.357211478424295
-0.357129185868354
-0.357045566450735
-0.356960620924013
-0.356874350052696
-0.356786754613222
-0.35669783539395
-0.356607593195152
-0.356516028829006
-0.356423143119592
-0.35632893690288
-0.356233411026726
-0.356136566350861
-0.356038403746888
-0.355938924098269
-0.355838128300321
-0.355736017260204
-0.355632591896917
-0.355527853141288
-0.355421801935966
-0.355314439235409
-0.355205766005883
-0.355095783225444
-0.354984491883938
-0.354871892982986
-0.354757987535976
-0.354642776568058
-0.354526261116129
-0.354408442228828
-0.354289320966524
-0.354168898401306
-0.354047175616979
-0.353924153709045
-0.353799833784701
-0.353674216962826
-0.35354730437397
-0.353419097160345
-0.353289596475817
-0.353158803485889
-0.353026719367698
-0.35289334531
-0.352758682513162
-0.352622732189146
-0.352485495561505
-0.352346973865368
-0.352207168347429
-0.352066080265936
-0.351923710890683
-0.351780061502991
-0.351635133395705
-0.351488927873176
-0.351341446251254
-0.351192689857271
-0.351042660030035
-0.350891358119813
-0.35073878548832
-0.35058494350871
-0.35042983356556
-0.350273457054857
-0.35011581538399
-0.349956909971732
-0.349796742248231
-0.349635313654996
-0.349472625644882
-0.34930867968208
-0.349143477242105
-0.348977019811775
-0.348809308889207
-0.348640345983797
-0.348470132616212
-0.34829867031837
-0.348125960633431
-0.34795200511578
-0.347776805331017
-0.347600362855938
-0.347422679278523
-0.347243756197925
-0.34706359522445
-0.346882197979544
-0.346699566095783
-0.346515701216852
-0.346330604997533
-0.346144279103692
-0.345956725212259
-0.34576794501122
-0.345577940199593
-0.345386712487423
-0.345194263595755
-0.34500059525663
-0.344805709213061
-0.344609607219021
-0.344412291039427
-0.344213762450122
-0.344014023237864
-0.343813075200302
-0.34361092014597
-0.34340755989426
-0.343202996275413
-0.342997231130501
-0.342790266311409
-0.342582103680818
-0.342372745112191
-0.342162192489754
-0.341950447708478
-0.341737512674066
-0.341523389302931
-0.341308079522182
-0.341091585269605
-0.340873908493648
-0.3406550511534
-0.340435015218576
-0.340213802669497
-0.339991415497075
-0.339767855702793
-0.339543125298687
-0.339317226307331
-0.339090160761812
-0.33886193070572
-0.338632538193124
-0.338401985288554
-0.338170274066985
-0.337937406613817
-0.337703385024855
-0.337468211406292
-0.337231887874688
-0.336994416556955
-0.336755799590331
-0.336516039122369
-0.336275137310911
-0.336033096324071
-0.335789918340218
-0.33554560554795
-0.335300160146082
-0.33505358434362
-0.334805880359746
-0.334557050423792
-0.334307096775228
-0.334056021663634
-0.333803827348684
-0.333550516100126
-0.333296090197758
-0.333040551931414
-0.332783903600934
-0.332526147516153
-0.332267285996873
-0.332007321372847
-0.331746255983754
-0.331484092179181
-0.3312208323186
-0.330956478771348
-0.330691033916607
-0.330424500143376
-0.33015687985046
-0.329888175446437
-0.329618389349647
-0.329347523988162
-0.329075581799769
-0.328802565231946
-0.328528476741839
-0.328253318796244
-0.32797709387158
-0.327699804453869
-0.327421453038715
-0.327142042131278
-0.326861574246255
-0.326580051907854
-0.326297477649775
-0.326013854015184
-0.325729183556693
-0.325443468836332
-0.325156712425533
-0.324868916905102
-0.324580084865196
-0.324290218905301
-0.32399932163421
-0.323707395669996
-0.32341444363999
-0.323120468180759
-0.32282547193808
-0.322529457566917
-0.322232427731397
-0.321934385104788
-0.32163533236947
-0.321335272216917
-0.321034207347667
-0.320732140471302
-0.320429074306423
-0.320125011580623
-0.319819955030463
-0.319513907401452
-0.319206871448015
-0.318898849933474
-0.318589845630021
-0.318279861318692
-0.317968899789345
-0.31765696384063
-0.317344056279969
-0.317030179923528
-0.316715337596193
-0.316399532131541
-0.316082766371821
-0.315765043167921
-0.315446365379349
-0.315126735874202
-0.314806157529144
-0.314484633229377
-0.314162165868619
-0.313838758349073
-0.313514413581405
-0.313189134484715
-0.312862923986513
-0.312535785022692
-0.3122077205375
-0.311878733483515
-0.311548826821619
-0.311218003520968
-0.310886266558971
-0.310553618921258
-0.310220063601656
-0.309885603602159
-0.309550241932907
-0.309213981612151
-0.308876825666232
-0.308538777129552
-0.308199839044544
-0.30786001446165
-0.307519306439289
-0.30717771804383
-0.306835252349566
-0.306491912438687
-0.30614770140125
-0.30580262233515
-0.305456678346099
-0.305109872547588
-0.304762208060869
-0.304413688014919
-0.304064315546416
-0.30371409379971
-0.303363025926795
-0.303011115087278
-0.302658364448356
-0.302304777184781
-0.301950356478836
-0.301595105520306
-0.301239027506446
-0.300882125641957
-0.300524403138952
-0.300165863216932
-0.299806509102754
-0.299446344030602
-0.29908537124196
-0.29872359398558
-0.298361015517455
-0.297997639100788
-0.297633468005966
-0.297268505510525
-0.296902754899126
-0.296536219463521
-0.296168902502528
-0.295800807321995
-0.295431937234778
-0.295062295560704
-0.294691885626547
-0.294320710765992
-0.293948774319612
-0.293576079634831
-0.2932026300659
-0.292828428973863
-0.292453479726525
-0.292077785698428
-0.291701350270817
-0.291324176831606
-0.290946268775355
-0.290567629503233
-0.290188262422992
-0.289808170948932
-0.289427358501874
-0.289045828509128
-0.28866358440446
-0.288280629628067
-0.287896967626537
-0.287512601852826
-0.287127535766224
-0.286741772832322
-0.286355316522985
-0.285968170316317
-0.285580337696631
-0.285191822154417
-0.284802627186314
-0.284412756295073
-0.28402221298953
-0.283631000784571
-0.283239123201105
-0.282846583766026
-0.282453386012187
-0.282059533478365
-0.28166502970923
-0.281269878255313
-0.280874082672975
-0.280477646524374
-0.280080573377431
-0.279682866805804
-0.279284530388847
-0.278885567711587
-0.278485982364684
-0.278085777944404
-0.277684958052584
-0.277283526296601
-0.276881486289337
-0.27647884164915
-0.276075595999839
-0.275671752970612
-0.275267316196054
-0.274862289316092
-0.274456675975967
-0.274050479826195
-0.273643704522539
-0.273236353725973
-0.272828431102653
-0.272419940323879
-0.272010885066066
-0.271601269010707
-0.271191095844346
-0.270780369258537
-0.270369092949816
-0.269957270619669
-0.269544905974493
-0.269132002725567
-0.268718564589018
-0.268304595285786
-0.267890098541591
-0.267475078086903
-0.267059537656902
-0.266643480991449
-0.266226911835052
-0.26580983393683
-0.265392251050481
-0.264974166934248
-0.264555585350886
-0.264136510067626
-0.263716944856143
-0.263296893492521
-0.26287635975722
-0.262455347435039
-0.262033860315088
-0.261611902190747
-0.261189476859637
-0.260766588123582
-0.260343239788579
-0.25991943566476
-0.259495179566359
-0.259070475311678
-0.258645326723053
-0.258219737626817
-0.25779371185327
-0.257367253236641
-0.256940365615055
-0.256513052830497
-0.256085318728779
-0.255657167159506
-0.255228601976039
-0.254799627035461
-0.254370246198545
-0.253940463329714
-0.253510282297012
-0.253079706972065
-0.252648741230048
-0.25221738894965
-0.251785654013038
-0.251353540305824
-0.250921051717029
-0.250488192139046
-0.25005496546761
-0.249621375601757
-0.249187426443792
-0.248753121899257
-0.248318465876887
-0.247883462288586
-0.247448115049382
-0.247012428077397
-0.246576405293811
-0.246140050622827
-0.245703367991632
-0.245266361330369
-0.244829034572095
-0.244391391652746
-0.243953436511106
-0.243515173088769
-0.243076605330102
-0.242637737182213
-0.242198572594911
-0.241759115520676
-0.241319369914617
-0.240879339734442
-0.24043902894042
-0.239998441495346
-0.239557581364502
-0.239116452515627
-0.238675058918879
-0.238233404546796
-0.237791493374264
-0.237349329378482
-0.236906916538922
-0.236464258837296
-0.236021360257522
-0.235578224785683
-0.235134856409996
-0.234691259120773
-0.234247436910386
-0.233803393773233
-0.233359133705699
-0.232914660706121
-0.232469978774753
-0.23202509191373
-0.231580004127031
-0.231134719420442
-0.230689241801523
-0.230243575279569
-0.229797723865577
-0.229351691572205
-0.228905482413742
-0.228459100406067
-0.228012549566615
-0.22756583391434
-0.227118957469681
-0.226671924254522
-0.22622473829216
-0.225777403607264
-0.225329924225844
-0.224882304175212
-0.224434547483944
-0.223986658181849
-0.223538640299927
-0.223090497870335
-0.222642234926353
-0.222193855502344
-0.221745363633719
-0.221296763356904
-0.220848058709296
-0.220399253729235
-0.219950352455963
-0.219501358929588
-0.219052277191049
-0.218603111282078
-0.218153865245166
-0.217704543123523
-0.217255148961047
-0.21680568680228
-0.216356160692381
-0.21590657467708
-0.215456932802649
-0.215007239115862
-0.214557497663959
-0.214107712494609
-0.213657887655877
-0.213208027196182
-0.212758135164266
-0.212308215609155
-0.21185827258012
-0.211408310126647
-0.210958332298395
-0.21050834314516
-0.210058346716842
-0.209608347063407
-0.209158348234847
-0.208708354281149
-0.208258369252256
-0.20780839719803
-0.207358442168217
-0.206908508212408
-0.206458599380006
-0.206008719720188
-0.205558873281868
-0.205109064113661
-0.204659296263845
-0.204209573780329
-0.203759900710612
-0.203310281101748
-0.202860719000311
-0.202411218452357
-0.201961783503388
-0.201512418198315
-0.201063126581423
-0.200613912696333
-0.200164780585968
-0.199715734292514
-0.199266777857383
-0.198817915321181
-0.198369150723668
-0.197920488103721
-0.197471931499303
-0.197023484947418
-0.196575152484083
-0.196126938144287
-0.195678845961956
-0.195230879969917
-0.194783044199861
-0.194335342682306
-0.193887779446563
-0.193440358520699
-0.192993083931498
-0.192545959704429
-0.192098989863607
-0.191652178431757
-0.191205529430179
-0.190759046878712
-0.190312734795695
-0.189866597197934
-0.189420638100664
-0.188974861517515
-0.188529271460472
-0.188083871939843
-0.187638666964221
-0.187193660540447
-0.186748856673576
-0.18630425936684
-0.185859872621612
-0.185415700437369
-0.184971746811659
-0.184528015740061
-0.18408451121615
-0.183641237231466
-0.183198197775471
-0.182755396835518
-0.18231283839681
-0.181870526442372
-0.181428464953009
-0.18098665790727
-0.180545109281416
-0.180103823049382
-0.17966280318274
-0.179222053650668
-0.178781578419906
-0.17834138145473
-0.17790146671691
-0.177461838165674
-0.177022499757677
-0.176583455446962
-0.176144709184924
-0.175706264920277
-0.175268126599016
-0.174830298164384
-0.174392783556832
-0.173955586713991
-0.173518711570627
-0.173082162058615
-0.172645942106898
-0.172210055641451
-0.171774506585251
-0.171339298858235
-0.170904436377271
-0.170469923056118
-0.170035762805392
-0.169601959532533
-0.169168517141767
-0.168735439534074
-0.168302730607149
-0.167870394255368
-0.167438434369757
-0.167006854837952
-0.166575659544164
-0.16614485236915
-0.165714437190171
-0.165284417880959
-0.164854798311687
-0.164425582348928
-0.163996773855621
-0.163568376691042
-0.163140394710761
-0.162712831766613
-0.162285691706662
-0.161858978375166
-0.161432695612542
-0.161006847255331
-0.160581437136166
-0.160156469083735
-0.159731946922749
-0.159307874473902
-0.158884255553846
-0.158461093975146
-0.158038393546255
-0.157616158071473
-0.157194391350916
-0.156773097180484
-0.156352279351819
-0.15593194165228
-0.155512087864903
-0.15509272176837
-0.154673847136972
-0.154255467740579
-0.153837587344601
-0.153420209709961
-0.153003338593053
-0.152586977745715
-0.152171130915192
-0.151755801844102
-0.151340994270405
-0.150926711927365
-0.150512958543521
-0.150099737842651
-0.149687053543738
-0.149274909360938
-0.148863309003546
-0.148452256175962
-0.148041754577659
-0.147631807903149
-0.147222419841949
-0.146813594078548
-0.146405334292376
-0.145997644157768
-0.145590527343933
-0.145183987514919
-0.144778028329582
-0.144372653441552
-0.1439678664992
-0.143563671145605
-0.143160071018524
-0.142757069750355
-0.142354670968106
-0.141952878293363
-0.141551695342259
-0.141151125725437
-0.14075117304802
-0.140351840909581
-0.139953132904105
-0.139555052619962
-0.139157603639873
-0.138760789540874
-0.138364613894291
-0.137969080265701
-0.137574192214905
-0.137179953295891
-0.136786367056809
-0.136393437039931
-0.136001166781624
-0.13560955981232
-0.135218619656476
-0.134828349832554
-0.134438753852977
-0.134049835224108
-0.133661597446211
-0.133274044013423
-0.132887178413724
-0.1325010041289
-0.132115524634519
-0.131730743399891
-0.131346663888047
-0.130963289555699
-0.130580623853214
-0.13019867022458
-0.129817432107377
-0.129436912932746
-0.129057116125356
-0.128678045103378
-0.128299703278446
-0.127922094055636
-0.127545220833427
-0.127169087003676
-0.126793695951585
-0.126419051055671
-0.126045155687735
-0.125672013212833
-0.125299626989245
-0.124928000368445
-0.124557136695069
-0.124187039306888
-0.123817711534775
-0.12344915670268
-0.123081378127592
-0.122714379119516
-0.122348162981441
-0.12198273300931
-0.121618092491989
-0.121254244711241
-0.120891192941694
-0.120528940450811
-0.120167490498862
-0.119806846338894
-0.119447011216703
-0.119087988370801
-0.118729781032392
-0.11837239242534
-0.11801582576614
-0.117660084263888
-0.117305171120258
-0.116951089529463
-0.116597842678237
-0.116245433745798
-0.115893865903824
-0.115543142316425
-0.115193266140109
-0.114844240523759
-0.114496068608605
-0.11414875352819
-0.113802298408349
-0.113456706367175
-0.113111980514994
-0.112768123954336
-0.112425139779909
-0.112083031078566
-0.111741800929285
-0.111401452403135
-0.11106198856325
-0.110723412464801
-0.110385727154972
-0.110048935672929
-0.109713041049792
-0.10937804630861
-0.109043954464335
-0.10871076852379
-0.108378491485646
-0.108047126340395
-0.107716676070321
-0.107387143649474
-0.107058532043644
-0.106730844210332
-0.106404083098727
-0.106078251649678
-0.105753352795664
-0.105429389460773
-0.105106364560673
-0.104784281002586
-0.104463141685262
-0.104142949498953
-0.103823707325385
-0.103505418037737
-0.103188084500609
-0.102871709570002
-0.102556296093289
-0.102241846909186
-0.101928364847737
-0.101615852730276
-0.101304313369411
-0.100993749568994
-0.100684164124098
-0.100375559820988
-0.100067939437102
-0.0997613057410209
-0.0994556614924462
-0.0991510094421738
-0.0988473523320703
-0.0985446928950476
-0.0982430338550385
-0.0979423779269723
-0.0976427278167504
-0.0973440862212219
-0.097046455828159
-0.096749839316233
-0.0964542393549911
-0.0961596586048303
-0.0958660997169757
-0.0955735653334555
-0.0952820580870766
-0.0949915806014029
-0.0947021354907294
-0.0944137253600602
-0.0941263528050846
-0.0938400204121536
-0.0935547307582568
-0.0932704864109993
-0.0929872899285783
-0.0927051438597599
-0.0924240507438573
-0.0921440131107061
-0.0918650334806436
-0.0915871143644844
-0.0913102582634985
-0.0910344676693892
-0.0907597450642699
-0.0904860929206421
-0.0902135137013734
-0.0899420098596748
-0.0896715838390791
-0.0894022380734187
-0.0891339749868035
-0.0888667969935997
-0.0886007064984074
-0.0883357058960391
-0.0880717975714986
-0.0878089838999589
-0.0875472672467413
-0.0872866499672941
-0.0870271344071708
-0.0867687229020098
-0.0865114177775128
-0.0862552213494245
-0.0860001359235106
-0.0857461637955386
-0.0854933072512556
-0.0852415685663691
-0.0849909500065253
-0.0847414538272895
-0.084493082274126
-0.0842458375823769
-0.0839997219772426
-0.0837547376737621
-0.0835108868767925
-0.0832681717809891
-0.0830265945707863
-0.0827861574203773
-0.0825468624936948
-0.0823087119443917
-0.0820717079158211
-0.0818358525410178
-0.0816011479426786
-0.0813675962331432
-0.0811351995143755
-0.0809039598779443
-0.0806738794050048
-0.0804449601662798
-0.0802172042220408
-0.0799906136220898
-0.0797651904057408
-0.0795409366018009
-0.0793178542285531
-0.0790959452937371
-0.0788752117945319
-0.0786556557175375
-0.0784372790387571
-0.0782200837235793
-0.0780040717267605
-0.0777892449924073
-0.0775756054539586
-0.0773631550341692
-0.077151895645091
-0.0769418291880573
-0.076732957553665
-0.076525282621757
-0.0763188062614066
-0.0761135303308994
-0.0759094566777176
-0.0757065871385226
-0.0755049235391389
-0.0753044676945375
-0.0751052214088197
-0.0749071864752007
-0.0747103646759936
-0.0745147577825932
-0.0743203675554602
-0.0741271957441056
-0.073935244087074
-0.0737445143119292
-0.073555008135238
-0.0733667272625545
-0.0731796733884054
-0.0729938481962744
-0.0728092533585868
-0.0726258905366949
-0.0724437613808631
-0.0722628675302522
-0.0720832106129058
-0.0719047922457352
-0.0717276140345041
-0.0715516775738154
-0.0713769844470961
-0.071203536226583
-0.0710313344733091
-0.0708603807370889
-0.0706906765565049
-0.0705222234588935
-0.0703550229603316
-0.0701890765656224
-0.0700243857682825
-0.0698609520505279
-0.0696987768832609
-0.0695378617260569
-0.0693782080271513
-0.0692198172234262
-0.0690626907403979
-0.0689068299922037
-0.0687522363815892
-0.0685989112998958
-0.0684468561270483
-0.0682960722315423
-0.0681465609704316
-0.0679983236893167
-0.0678513617223322
-0.0677056763921347
-0.0675612690098912
-0.0674181408752671
-0.0672762932764148
-0.0671357274899616
-0.0669964447809987
-0.0668584464030695
-0.0667217335981585
-0.06658630759668
-0.0664521696174672
-0.0663193208677609
-0.0661877625431989
-0.0660574958278054
-0.0659285218939797
-0.0658008419024866
-0.0656744570024451
-0.0655493683313184
-0.0654255770149036
-0.0653030841673219
-0.065181890891008
-0.0650619982767006
-0.0649434074034324
-0.0648261193385204
-0.0647101351375565
-0.0645954558443977
-0.0644820824911568
-0.0643700160981933
-0.0642592576741039
-0.0641498082157137
-0.0640416687080671
-0.063934840124419
-0.0638293234262258
-0.0637251195631372
-0.0636222294729872
-0.0635206540817858
-0.0634203943037111
-0.0633214510411002
-0.0632238251844419
-0.0631275176123682
-0.0630325291916466
-0.0629388607771724
-0.0628465132119604
-0.0627554873271383
-0.0626657839419384
-0.0625774038636906
-0.0624903478878149
-0.0624046167978145
-0.0623202113652687
-0.0622371323498258
-0.0621553804991964
-0.0620749565491465
-0.0619958612234913
-0.061918095234088
-0.0618416592808301
-0.0617665540516406
-0.0616927802224662
-0.0616203384572706
-0.0615492294080294
-0.0614794537147236
-0.0614110120053338
-0.061343904895835
-0.0612781329901907
-0.0612136968803477
-0.0611505971462305
-0.0610888343557362
-0.0610284090647296
-0.060969321817038
-0.060911573144446
-0.0608551635666914
-0.06080009359146
-0.0607463637143812
-0.0606939744190235
-0.0606429261768903
-0.0605932194474153
-0.0605448546779589
-0.0604978323038035
-0.0604521527481504
-0.060407816422115
-0.0603648237247241
-0.0603231750429117
-0.0602828707515156
-0.0602439112132742
-0.060206296778823
-0.0601700277866918
-0.0601351045633011
-0.0601015274229598
-0.0600692966678619
-0.060038412588084
-0.0600088754615826
-0.0599806855541916
-0.05995384311962
-0.0599283483994496
-0.0599042016231326
-0.0598814030079899
-0.0598599527592088
-0.0598398510698415
-0.059821098120803
-0.0598036940808697
-0.0597876391066779
-0.0597729333427222
-0.0597595769213544
-0.0597475699627823
-0.0597369125750683
-0.0597276048541288
-0.0597196468837334
-0.0597130387355037
-0.0597077804689129
-0.0597038721312854
-0.0597013137577963
-0.0597001053714709
-0.0597002469831847
-0.0597017385916631
-0.0597045801834816
-0.0597087717330661
-0.0597143132026925
-0.0597212045424877
-0.0597294456904297
-0.0597390365723481
-0.0597499771019252
-0.0597622671806962
-0.0597759066980504
-0.0597908955312325
-0.0598072335453428
-0.0598249205933394
-0.0598439565160391
-0.0598643411421186
-0.0598860742881164
-0.0599091557584344
-0.0599335853453394
-0.0599593628289655
-0.0599864879773153
-0.0600149605462628
-0.0600447802795549
-0.0600759469088144
-0.0601084601535417
-0.0601423197211179
-0.0601775253068072
-0.0602140765937594
-0.0602519732530131
-0.0602912149434989
-0.0603318013120416
-0.0603737319933643
-0.0604170066100912
-0.0604616247727508
-0.0605075860797802
-0.0605548901175278
-0.0606035364602575
-0.0606535246701528
-0.06070485429732
-0.0607575248797927
-0.0608115359435362
-0.0608668870024512
-0.0609235775583786
-0.0609816071011036
-0.061040975108361
-0.0611016810458389
-0.0611637243671843
-0.0612271045140079
-0.0612918209158886
-0.0613578729903793
-0.0614252601430118
-0.0614939817673021
-0.0615640372447562
-0.0616354259448751
-0.0617081472251611
-0.0617822004311231
-0.0618575848962828
-0.0619342999421806
-0.0620123448783813
-0.0620917190024813
-0.062172421600114
-0.0622544519449564
-0.062337809298736
-0.0624224929112373
-0.0625085020203082
-0.0625958358518675
-0.062684493619911
-0.0627744745265197
-0.0628657777618659
-0.0629584025042211
-0.0630523479199632
-0.0631476131635842
-0.0632441973776975
-0.0633420996930458
-0.063441319228509
-0.0635418550911118
-0.0636437063760323
-0.0637468721666095
-0.063851351534352
-0.0639571435389463
-0.0640642472282649
-0.0641726616383755
-0.0642823857935489
-0.0643934187062687
-0.0645057593772393
-0.0646194067953955
-0.0647343599379111
-0.0648506177702089
-0.064968179245969
-0.0650870433071388
-0.0652072088839429
-0.0653286748948915
-0.0654514402467917
-0.065575503834756
-0.0657008645422129
-0.0658275212409169
-0.0659554727909586
-0.066084718040775
-0.0662152558271595
-0.0663470849752732
-0.0664802042986543
-0.0666146125992301
-0.0667503086673266
-0.0668872912816803
-0.0670255592094484
-0.0671651112062206
-0.0673059460160298
-0.0674480623713637
-0.0675914589931761
-0.0677361345908983
-0.0678820878624509
-0.0680293174942555
-0.0681778221612463
-0.0683276005268825
-0.0684786512431596
-0.0686309729506223
-0.0687845642783763
-0.0689394238441005
-0.06909555025406
-0.0692529421031182
-0.0694115979747494
-0.0695715164410519
-0.0697326960627605
-0.0698951353892598
-0.070058832958597
-0.0702237872974948
-0.0703899969213655
-0.0705574603343237
-0.0707261760291996
-0.0708961424875532
-0.0710673581796875
-0.0712398215646624
-0.0714135310903086
-0.0715884851932415
-0.0717646822988755
-0.0719421208214377
-0.0721207991639825
-0.0723007157184064
-0.0724818688654613
-0.0726642569747701
-0.0728478784048414
-0.073032731503083
-0.0732188146058187
-0.0734061260383017
-0.0735946641147304
-0.0737844271382633
-0.0739754134010345
-0.074167621184169
-0.0743610487577979
-0.0745556943810747
-0.0747515563021896
-0.0749486327583869
-0.0751469219759799
-0.0753464221703669
-0.0755471315460474
-0.0757490482966385
-0.0759521706048908
-0.0761564966427048
-0.0763620245711476
-0.0765687525404692
-0.0767766786901193
-0.0769858011487639
-0.0771961180343026
-0.0774076274538844
-0.077620327503926
-0.0778342162701289
-0.0780492918274949
-0.078265552240346
-0.0784829955623397
-0.0787016198364877
-0.0789214230951729
-0.0791424033601675
-0.0793645586426505
-0.079587886943226
-0.0798123862519408
-0.0800380545483026
-0.0802648898012982
-0.080492889969412
-0.0807220530006438
-0.0809523768325281
-0.0811838593921518
-0.0814164985961735
-0.0816502923508419
-0.0818852385520148
-0.082121335085178
-0.0823585798254643
-0.0825969706376724
-0.0828365053762872
-0.0830771818854971
-0.0833189979992152
-0.0835619515410985
-0.0838060403245662
-0.0840512621528214
-0.084297614818869
-0.0845450961055368
-0.0847937037854949
-0.0850434356212758
-0.0852942893652946
-0.0855462627598693
-0.0857993535372414
-0.0860535594195951
-0.0863088781190795
-0.0865653073378279
-0.0868228447679791
-0.0870814880916981
-0.0873412349811965
-0.0876020830987541
-0.0878640300967397
-0.0881270736176321
-0.0883912112940412
-0.0886564407487299
-0.0889227595946347
-0.0891901654348882
-0.0894586558628391
-0.0897282284620755
-0.0899988808064463
-0.0902706104600814
-0.0905434149774165
-0.0908172919032125
-0.0910922387725789
-0.0913682531109957
-0.0916453324343358
-0.0919234742488871
-0.092202676051375
-0.0924829353289856
-0.0927642495593868
-0.0930466162107528
-0.0933300327417854
-0.0936144966017379
-0.0939000052304374
-0.0941865560583082
-0.0944741465063947
-0.094762773986385
-0.0950524359006335
-0.095343129642185
-0.0956348525947978
-0.0959276021329674
-0.0962213756219498
-0.0965161704177856
-0.0968119838673236
-0.0971088133082449
-0.0974066560690864
-0.0977055094692653
-0.098005370819103
-0.0983062374198494
-0.0986081065637071
-0.0989109755338558
-0.099214841604477
-0.0995197020407777
-0.0998255540990168
-0.100132395026527
-0.100440222061742
-0.100749032434222
-0.101058823364674
-0.101369592064982
-0.101681335738231
-0.101994051578729
-0.102307736772036
-0.102622388494986
-0.102938003915718
-0.103254580193694
-0.103572114479729
-0.103890603916018
-0.104210045636157
-0.104530436765174
-0.10485177441955
-0.105174055707248
-0.105497277727739
-0.105821437572027
-0.106146532322676
-0.106472559053836
-0.106799514831267
-0.10712739671237
-0.107456201746209
-0.107785926973544
-0.108116569426847
-0.10844812613034
-0.108780594100015
-0.109113970343661
-0.109448251860895
-0.109783435643186
-0.110119518673882
-0.110456497928237
-0.110794370373441
-0.111133132968644
-0.111472782664985
-0.111813316405619
-0.112154731125745
-0.112497023752632
-0.112840191205649
-0.113184230396292
-0.113529138228209
-0.113874911597234
-0.114221547391407
-0.114569042491009
-0.114917393768586
-0.11526659808898
-0.115616652309354
-0.115967553279222
-0.116319297840477
-0.116671882827422
-0.117025305066793
-0.117379561377793
-0.117734648572118
-0.118090563453985
-0.118447302820162
-0.118804863459998
-0.119163242155449
-0.11952243568111
-0.119882440804241
-0.120243254284798
-0.120604872875463
-0.120967293321671
-0.121330512361639
-0.1216945267264
-0.122059333139827
-0.122424928318664
-0.122791308972556
-0.123158471804082
-0.123526413508777
-0.123895130775168
-0.124264620284804
-0.12463487871228
-0.125005902725274
-0.125377688984571
-0.125750234144098
-0.126123534850952
-0.126497587745428
-0.126872389461052
-0.127247936624612
-0.127624225856186
-0.128001253769173
-0.128379016970325
-0.128757512059775
-0.129136735631071
-0.129516684271201
-0.129897354560632
-0.130278743073334
-0.130660846376812
-0.131043661032138
-0.131427183593985
-0.13181141061065
-0.132196338624095
-0.132581964169969
-0.132968283777645
-0.133355293970248
-0.133742991264691
-0.1341313721717
-0.134520433195849
-0.134910170835592
-0.135300581583292
-0.135691661925256
-0.136083408341763
-0.136475817307098
-0.136868885289583
-0.137262608751609
-0.137656984149668
-0.138052007934382
-0.138447676550542
-0.138843986437131
-0.139240934027365
-0.139638515748716
-0.140036728022953
-0.140435567266168
-0.140835029888809
-0.141235112295717
-0.141635810886152
-0.142037122053829
-0.142439042186951
-0.14284156766824
-0.143244694874968
-0.143648420178994
-0.144052739946792
-0.144457650539488
-0.144863148312889
-0.145269229617516
-0.145675890798643
-0.14608312819632
-0.146490938145414
-0.146899316975638
-0.147308261011586
-0.147717766572763
-0.148127829973622
-0.148538447523597
-0.14894961552713
-0.149361330283714
-0.149773588087918
-0.150186385229425
-0.150599717993063
-0.15101358265884
-0.151427975501977
-0.151842892792941
-0.152258330797479
-0.152674285776653
-0.15309075398687
-0.153507731679918
-0.153925215103003
-0.154343200498774
-0.154761684105368
-0.155180662156434
-0.155600130881172
-0.156020086504368
-0.156440525246422
-0.15686144332339
-0.157282836947011
-0.157704702324746
-0.158127035659809
-0.158549833151203
-0.158973090993753
-0.159396805378142
-0.159820972490943
-0.160245588514655
-0.160670649627737
-0.161096152004641
-0.161522091815848
-0.161948465227905
-0.162375268403451
-0.162802497501263
-0.163230148676281
-0.163658218079647
-0.164086701858739
-0.164515596157207
-0.164944897115004
-0.165374600868426
-0.16580470355014
-0.166235201289226
-0.166666090211207
-0.167097366438086
-0.167529026088379
-0.167961065277152
-0.168393480116057
-0.168826266713361
-0.16925942117399
-0.169692939599555
-0.170126818088393
-0.170561052735601
-0.170995639633071
-0.171430574869522
-0.171865854530542
-0.172301474698615
-0.172737431453164
-0.17317372087058
-0.173610339024261
-0.174047281984648
