-0.0597276539875399
-0.0597486405917684
-0.0597330495143048
-0.059727714699188
-0.0597259732506324
-0.0597273545733723
-0.0597314426334885
-0.0597378932452749
-0.0597464215085219
-0.0597568139895373
-0.0597689106361528
-0.0597825995367013
-0.0597978048075663
-0.0598144671035711
-0.0598325583458507
-0.0598520353168841
-0.0598728810609303
-0.0598951249289285
-0.0599187049192335
-0.0599436742281841
-0.0599699858493862
-0.0599976933157355
-0.0600266498953757
-0.0600570232992299
-0.0600888308874197
-0.0601219516885863
-0.0601564808361462
-0.0601922612480628
-0.0602296224677297
-0.0602682295613394
-0.0603078356272221
-0.0603488462745404
-0.0603912603888113
-0.0604350111793602
-0.0604801425296045
-0.0605265807665844
-0.060574266170376
-0.0606233839598574
-0.0606738023220979
-0.0607260373147037
-0.0607790139677058
-0.0608338786951561
-0.0608894957611793
-0.0609470183146968
-0.0610052988786631
-0.0610653447318576
-0.061126672531692
-0.0611892693859433
-0.0612529212173118
-0.0613184523351291
-0.0613847451930878
-0.0614529443269516
-0.061521922356527
-0.0615927846156914
-0.0616644098235895
-0.0617375394189679
-0.0618120127405169
-0.0618881583492044
-0.0619654347843041
-0.0620438327331534
-0.0621238001497668
-0.0622048825694886
-0.0622877787990514
-0.0623714298841699
-0.0624569423721535
-0.0625432151387533
-0.0626309950788727
-0.0627200784945897
-0.0628109136931223
-0.0629025194007595
-0.0629955507742554
-0.0630901004235784
-0.0631857750403395
-0.0632832344054598
-0.0633814421078599
-0.0634814877779857
-0.0635822928025479
-0.0636849519217859
-0.0637883712637766
-0.0638936436100493
-0.0639996849823045
-0.0641075778068275
-0.0642162396780763
-0.0643267506263669
-0.0644380305149434
-0.0645507826238693
-0.064665026662045
-0.0647803568113347
-0.0648974489415042
-0.0650152996405342
-0.0651345953753887
-0.0652551993976626
-0.0653775150228398
-0.065500587426266
-0.0656250569043278
-0.0657512585406808
-0.0658782142776066
-0.0660065645452017
-0.0661363782558529
-0.066267328155091
-0.0663996867766723
-0.0665332503441376
-0.0666683562395534
-0.0668048334967443
-0.0669420919547385
-0.0670807415728336
-0.0672211110666571
-0.0673622723529686
-0.0675049155604952
-0.0676490704374667
-0.0677940019283135
-0.0679403779873714
-0.0680883901200653
-0.0682371678052706
-0.0683877134954654
-0.068539024150721
-0.0686919396159182
-0.0688462478594938
-0.0690013406360099
-0.0691578534069344
-0.0693156865103127
-0.0694751336649389
-0.0696353413148931
-0.0697971071786597
-0.0699602702182389
-0.0701242130069412
-0.0702899049417379
-0.0704565447109312
-0.0706243717879024
-0.070793422814665
-0.0709641583547987
-0.071135740620219
-0.0713085406249546
-0.0714830170152083
-0.0716582660938803
-0.0718349804991011
-0.0720131412430376
-0.0721924577429156
-0.0723725673132481
-0.0725544156620018
-0.072737041974124
-0.0729210202751151
-0.0731066196977548
-0.0732929756432352
-0.0734810145853628
-0.0736701910009891
-0.0738601515425614
-0.0740518245847659
-0.0742443836856637
-0.0744380997065714
-0.0746334664078228
-0.0748295930327237
-0.075027378333181
-0.0752260336032359
-0.0754258384388713
-0.0756272741469094
-0.0758294564101157
-0.076033285556758
-0.0762378733599772
-0.0764440984216382
-0.0766512001383614
-0.0768594235283198
-0.0770692679046957
-0.0772798439844171
-0.0774920437346868
-0.0777049989602926
-0.0779195621102587
-0.0781348944301656
-0.0783517169937677
-0.0785697998799875
-0.0787886565607757
-0.0790091304931924
-0.079230351490737
-0.07945317174449
-0.0796767494911846
-0.0799019214572091
-0.0801278392609124
-0.0803553469387294
-0.0805837108470862
-0.0808131639309757
-0.0810440913974332
-0.0812759990103326
-0.0815092767539018
-0.0817433102178459
-0.0819787110805089
-0.0822154518358359
-0.0824529364062226
-0.0826919809438574
-0.0829317580467039
-0.0831730863112773
-0.0834151627469725
-0.0836586691550313
-0.0839032084455522
-0.0841490281150125
-0.0843955945882165
-0.0846436243925507
-0.0848926278004261
-0.0851426786527655
-0.0853938775651299
-0.085646527672073
-0.0858998915867217
-0.0861547452594284
-0.0864103434115551
-0.0866671004750188
-0.0869252984989232
-0.0871842518586625
-0.0874443287013209
-0.0877058354941313
-0.0879680653551244
-0.0882317428241454
-0.0884961290292174
-0.0887619708500064
-0.0890285376348625
-0.0892965629345181
-0.0895653034692575
-0.0898354864897307
-0.0901065083229947
-0.0903785064671946
-0.0906519257414316
-0.0909260535987169
-0.0912016048595248
-0.0914778591199469
-0.0917555376835163
-0.092033917156637
-0.0923137158191078
-0.0925942125192403
-0.0928759962889512
-0.0931589306037287
-0.0934426470510246
-0.0937273856385893
-0.0940134945719764
-0.0943005726766924
-0.0945883615353435
-0.0948774967680977
-0.0951674732010072
-0.0954584760042859
-0.0957505248904566
-0.0960438867205259
-0.0963379222634735
-0.0966330717900013
-0.0969292623746201
-0.0972264440684023
-0.0975246597335427
-0.0978240877466513
-0.0981243174017718
-0.0984255841439719
-0.0987277685701569
-0.0990312328942183
-0.0993353583438575
-0.099640793520501
-0.0999468841295485
-0.100254048411001
-0.100562234191333
-0.100871396531075
-0.101181777337506
-0.101492811665206
-0.101805113444643
-0.102118071935158
-0.102432133306231
-0.10274708985509
-0.103063106752449
-0.103380005643758
-0.103698112238124
-0.10401686147765
-0.104336674076879
-0.104657377149614
-0.104979275342676
-0.105301867227747
-0.105625426578314
-0.10594995691658
-0.106275445304385
-0.106601978675094
-0.106929389175192
-0.107257526663557
-0.107586633654389
-0.107916686034077
-0.108247624524102
-0.108579476878175
-0.108912368800465
-0.109246247975718
-0.109580979841772
-0.109916353695262
-0.110252912910313
-0.110590320547012
-0.110928367066175
-0.111267494074727
-0.111607595817182
-0.111948394122292
-0.112290043532303
-0.11263281628649
-0.11297620592105
-0.113320575616401
-0.113665954635151
-0.114012150648378
-0.114358968937553
-0.114706912867773
-0.115055461332052
-0.115405119798052
-0.115755384403425
-0.116106544802488
-0.116458764054559
-0.116811571970402
-0.1171654515513
-0.117519920918873
-0.11787533015417
-0.118231508479125
-0.11858853855022
-0.118946413176715
-0.119305093201106
-0.119664609966755
-0.120024922482877
-0.120386047582907
-0.120747978574601
-0.121110715337567
-0.12147425112799
-0.121838574857005
-0.122203695846452
-0.122569598317369
-0.122936321611263
-0.123303775967572
-0.123672019700641
-0.124041036434195
-0.124410856908884
-0.124781402247608
-0.125152726772621
-0.125524806674131
-0.125897645205982
-0.12627124839397
-0.126645604854471
-0.127020695031563
-0.127396535758169
-0.127773111526068
-0.128150574121895
-0.128528562611468
-0.128907311723688
-0.129286943174726
-0.129667103326231
-0.130048020317298
-0.130429680366804
-0.130812045525231
-0.131195138143056
-0.131578940178269
-0.131963431625917
-0.132348641646813
-0.132734531915745
-0.133121119708193
-0.133508429098229
-0.133896381533524
-0.134285023490055
-0.134674419533739
-0.135064390697212
-0.135455050052081
-0.135846382426959
-0.136238383437303
-0.13663108436797
-0.137024393214384
-0.137418365280984
-0.137813006428649
-0.138208275604606
-0.13860422738697
-0.139000770678141
-0.139398010598244
-0.13979581796511
-0.140194293371469
-0.140593355958048
-0.140993054419969
-0.14139337431351
-0.141794309430254
-0.142195858705697
-0.142598045907634
-0.143000794431176
-0.143404153884832
-0.143808107967754
-0.144212699374959
-0.144617821745391
-0.145023571785229
-0.145429862216622
-0.145836744433834
-0.146244200573484
-0.146652230461509
-0.147060916671568
-0.147470044388503
-0.147879836770232
-0.148290069372591
-0.148700908667753
-0.149112263145756
-0.14952417906908
-0.149936640365107
-0.150349649950321
-0.150763185676532
-0.151177329868487
-0.151591895208084
-0.152007001083751
-0.152422632503724
-0.152838783756044
-0.153255449446502
-0.153672644389373
-0.154090317180115
-0.154508494844817
-0.154927170835352
-0.155346341445405
-0.155766008582337
-0.15618615199744
-0.156606778157922
-0.157027941504604
-0.157449496207171
-0.157871566639594
-0.15829406176002
-0.158717029088792
-0.159140459966286
-0.159564349794544
-0.159988695563619
-0.160413483823706
-0.160838720559378
-0.1612644048036
-0.161690509931995
-0.162117050838434
-0.162544024614938
-0.162971418866745
-0.163399242695425
-0.163827471269264
-0.164256116427175
-0.164685177961992
-0.16511463573656
-0.165544506306846
-0.165974757823331
-0.16640540697935
-0.166836448238352
-0.16726787562868
-0.167699683959466
-0.1681318707487
-0.168564432176819
-0.168997372424022
-0.169430668300827
-0.169864327104307
-0.17029834685778
-0.170732719657373
-0.171167444173033
-0.171602515247526
-0.172037929610981
-0.172473698844387
-0.172909780437608
-0.173346209239697
-0.173782948430348
-0.17422001509548
-0.174657401996562
-0.175095105270341
-0.17553312588944
-0.175971446620856
-0.176410072703617
-0.176848999346967
-0.177288221736728
-0.17772773551633
-0.178167536998449
-0.178607622329732
-0.179047988986686
-0.1794886301237
-0.17992954356454
-0.180370722347743
-0.180812168996642
-0.181253872026198
-0.181695834183068
-0.182138048748286
-0.182580500301176
-0.183023211196708
-0.183466158566064
-0.183909341816566
-0.184352741572139
-0.184796391746489
-0.185240259939621
-0.185684349182151
-0.186128631876322
-0.186573156487073
-0.187017884661335
-0.187462814090864
-0.187907942676494
-0.188353263246055
-0.188798781579545
-0.189244456222368
-0.189690357663965
-0.190136430498027
-0.190582677307447
-0.191029073890974
-0.191475648383826
-0.19192241217367
-0.192369327117426
-0.192816395670833
-0.193263615459538
-0.193710966893999
-0.194158481984373
-0.194606132199705
-0.195053918505587
-0.195501824820597
-0.19594987356243
-0.196398042082997
-0.196846330697868
-0.197294674351983
-0.197743213542321
-0.198191848834211
-0.198640528586818
-0.199089381723544
-0.19953825945772
-0.199987304327479
-0.200436420804631
-0.200885554423985
-0.201334845610363
-0.201784138883282
-0.20223358503148
-0.202683080427385
-0.203132630195449
-0.203582231689979
-0.204031887883242
-0.204481562674339
-0.204931331009021
-0.205381124422683
-0.205830966311819
-0.206280821604491
-0.206730729972143
-0.207180657112996
-0.207630533706974
-0.208080534843966
-0.208530528479254
-0.208980532900864
-0.209430536392538
-0.209880534911423
-0.210330507688753
-0.210780517749979
-0.211230487709688
-0.21168047213225
-0.212130345092131
-0.212580316956101
-0.213030241488995
-0.21348003743492
-0.213929925027809
-0.214379744226505
-0.214829522554983
-0.215279200672614
-0.21572889050327
-0.216178512639795
-0.216628071653902
-0.217077563362281
-0.217526984281821
-0.217976337769982
-0.218425617012953
-0.218874817304557
-0.219323820231662
-0.219772897931279
-0.220221862093412
-0.220670611767302
-0.221119413955925
-0.221568053483533
-0.222016619294131
-0.222464948631063
-0.222913318953668
-0.223361423370227
-0.2238095619101
-0.224257493570626
-0.224705346915832
-0.225152925128729
-0.225600527586598
-0.226047955573191
-0.226495170716359
-0.226942300999409
-0.22738922779092
-0.227836033830368
-0.228282659395021
-0.228729042151365
-0.229175360703457
-0.229621483690665
-0.230067417046771
-0.230513142095776
-0.230958710419902
-0.231404080526999
-0.231849116874739
-0.232294145159367
-0.232738925560497
-0.233183507533541
-0.233627725671453
-0.234071925290972
-0.234515872496531
-0.234959436422437
-0.235402972087019
-0.23584624023035
-0.236289258027689
-0.236732026362171
-0.237174544152866
-0.237616813679373
-0.238058805827566
-0.238500573562523
-0.238942077716958
-0.239383207000915
-0.239824138543351
-0.24026489730241
-0.240705190999725
-0.241145411768726
-0.241585297660867
-0.242024912485344
-0.242464217278544
-0.242903218524057
-0.243341904668515
-0.243780289446191
-0.244218374551053
-0.244656147635421
-0.245093584561015
-0.245530729172636
-0.245967538116754
-0.246404027671658
-0.246840186803365
-0.247276008908447
-0.247711493142403
-0.248146461293712
-0.248581330139085
-0.249015812859458
-0.249449918306497
-0.249883655446867
-0.250316966435718
-0.250750013415539
-0.251182636074511
-0.251614918133881
-0.252046721647461
-0.252478281682652
-0.252909241106471
-0.253340070191079
-0.253770448366831
-0.254200417061655
-0.25462979487103
-0.255059028375106
-0.255487807710905
-0.255916053834515
-0.256343960382479
-0.256771498496714
-0.25719858739559
-0.257625236576357
-0.25805144337138
-0.258477201348755
-0.258902535244311
-0.259327407778215
-0.259751850773859
-0.260175817944013
-0.260599360152371
-0.261022410382782
-0.261445034867921
-0.261867090175675
-0.262288810489879
-0.262709823465751
-0.263130652260778
-0.263550941373714
-0.263970721068654
-0.264390020472239
-0.264808811111708
-0.265227091723294
-0.265644871925665
-0.26606216078709
-0.266478940015598
-0.266895075391357
-0.267310879496416
-0.267726126911974
-0.268140853616538
-0.268555028580369
-0.268968692644749
-0.269381816699764
-0.269794400367394
-0.270206428158188
-0.270617926758207
-0.271028875505015
-0.271439249292684
-0.271849096547857
-0.272258148111473
-0.272666964477955
-0.273075150105097
-0.273482748199801
-0.273889685092566
-0.274296098575925
-0.274702006844191
-0.275107293678032
-0.275511748017339
-0.275915944617784
-0.276319480877276
-0.276722393237147
-0.277124578430137
-0.277526323422115
-0.27792735671176
-0.278327857771209
-0.278727464094373
-0.279126798878516
-0.279525450765504
-0.279923448283601
-0.28032079728635
-0.280717501701083
-0.281113560015875
-0.281508719017658
-0.281903590494083
-0.282297738506081
-0.282691239883621
-0.283084055429255
-0.283475955088528
-0.283867553752884
-0.284258427145049
-0.284648338220927
-0.285037938485461
-0.285426786034541
-0.28581491742109
-0.286202375326098
-0.286588862861544
-0.286975027739096
-0.287360437786908
-0.287745063635764
-0.288128778479643
-0.288512148918
-0.288894474808168
-0.289276375855219
-0.289657601114219
-0.290037987916754
-0.290417716421607
-0.290796405529724
-0.291174449704079
-0.291552118735835
-0.291928814215469
-0.292304742426678
-0.292679840721183
-0.293054550434045
-0.293428122198124
-0.293801005030187
-0.294173480449976
-0.294544972048838
-0.294915519252202
-0.295285676671086
-0.295654666585295
-0.296023268945744
-0.296390701093183
-0.296757743681652
-0.297123609213597
-0.297489080277497
-0.297853525439803
-0.298217034059705
-0.298580134988322
-0.298942034079228
-0.299303527644694
-0.299663957597434
-0.30002353529618
-0.300382435788351
-0.300740643785936
-0.301097654175894
-0.301454247173185
-0.301809609745707
-0.302164558098468
-0.302518270588684
-0.302871553922436
-0.303223580659696
-0.303575189134769
-0.303925861527279
-0.304275623588864
-0.304624460445986
-0.304972523835559
-0.305319388858554
-0.305665492990656
-0.306011138795019
-0.30635548795789
-0.306699385748687
-0.307041987840015
-0.307383790213355
-0.307725115349215
-0.308065101390504
-0.308404624098389
-0.308742820008054
-0.309080553571659
-0.3094169545706
-0.309752891665569
-0.310087823621168
-0.31042148144372
-0.310754674708978
-0.311086538482821
-0.311417930403419
-0.311747971682754
-0.312077537571897
-0.312405741711764
-0.312733465853291
-0.313060008829184
-0.313385765108719
-0.313710573993731
-0.314034070347068
-0.314357087156325
-0.31467873731713
-0.314999894693928
-0.315319861782726
-0.315639033635683
-0.315956942558664
-0.316274163965017
-0.316590479900778
-0.316905430456176
-0.31721988247639
-0.317533147015983
-0.317845587520856
-0.318156659670197
-0.318467219520621
-0.318776714522434
-0.319084835791817
-0.31939231130792
-0.319698876206897
-0.320004376125861
-0.320308921169488
-0.320612079609591
-0.320914347131193
-0.321216065394498
-0.321516297541745
-0.32181598300726
-0.322114532460421
-0.322411697724635
-0.322708328324774
-0.323003476508496
-0.323298072883783
-0.323591188789859
-0.323883753522007
-0.324174817686816
-0.324465322342392
-0.324754610268577
-0.32504256308787
-0.325329961481278
-0.325615839065575
-0.325900762823745
-0.32618510241464
-0.326468123004416
-0.32675022429763
-0.327030827388397
-0.327310865963654
-0.327589377479804
-0.32786732237598
-0.328143713998007
-0.328419536831757
-0.328693797362818
-0.328967484065936
-0.329239865633314
-0.329511293615071
-0.329781474142456
-0.330050701975587
-0.330318626714403
-0.330585588963911
-0.330851571647789
-0.331116036381802
-0.33137992644296
-0.331642244438185
-0.33190397339187
-0.332164105274166
-0.332423647578984
-0.332681840647263
-0.332939068606455
-0.333194736089157
-0.333449815663749
-0.333703293332953
-0.333956162604715
-0.334207645385559
-0.334458196758341
-0.3347074506512
-0.334955701204854
-0.335202389708785
-0.335448066818954
-0.335693096544799
-0.335936864402293
-0.336179065042389
-0.336420529575373
-0.336660913415549
-0.336899692311552
-0.337137430255911
-0.33737452065506
-0.337609910475407
-0.337844669073199
-0.338078065044942
-0.338310079677558
-0.338541068568584
-0.338770810114391
-0.338999584578088
-0.339226990940474
-0.339453499806175
-0.339678469743284
-0.339902790665516
-0.340125390144614
-0.340347346176432
-0.340567585774471
-0.340787181239323
-0.341005058602746
-0.341222290482998
-0.341437799740032
-0.341652661808338
-0.341865796752963
-0.342078279479595
-0.342289032675096
-0.342499134184009
-0.342707498578194
-0.342915208131418
-0.343121515789027
-0.343326596234213
-0.343530545701992
-0.343732829605368
-0.343934447836148
-0.34413436790302
-0.344333614637647
-0.344531131116401
-0.344727982856002
-0.34492344419278
-0.345117699795488
-0.345310655998305
-0.345502239005959
-0.345692843352779
-0.345881757018931
-0.346070010699251
-0.34625651521441
-0.346442350678258
-0.346626675906658
-0.346809936528181
-0.346991493036969
-0.347172380419896
-0.347351492961169
-0.347529928987386
-0.347706573573002
-0.347882536783009
-0.348056700093053
-0.348230178032032
-0.34840217680882
-0.348573019836823
-0.348742134925294
-0.348910572893591
-0.349077218797425
-0.349243178692014
-0.349407759937161
-0.349570606998894
-0.34973277083253
-0.349893568520942
-0.350052623444949
-0.35021099441674
-0.350367998427254
-0.350523490517722
-0.350677832383612
-0.350831036022728
-0.350982481634331
-0.351133240965207
-0.351282186024721
-0.3514304326121
-0.351577287721065
-0.35172270954202
-0.351866960698235
-0.352009863715034
-0.352151505490974
-0.352291416970623
-0.352430640895568
-0.352568467501567
-0.35270493561744
-0.352840181950036
-0.352973677264969
-0.353106477958007
-0.353237873203467
-0.353367680075793
-0.353496554970719
-0.353623830886362
-0.353750021051841
-0.353874988077421
-0.353998589693249
-0.35412044191531
-0.354241571848383
-0.354360885532984
-0.354479465584747
-0.35459641065648
-0.354712077643976
-0.354826405872862
-0.354939717830108
-0.355051700522007
-0.355162160730742
-0.355271460189473
-0.355379275033869
-0.355485950111254
-0.355591227216182
-0.355695222525876
-0.355797449377781
-0.355898967753329
-0.355998883491906
-0.356097526385698
-0.356195053300172
-0.356290749106673
-0.356385724079274
-0.356479246934681
-0.356570977947906
-0.356661986255845
-0.356751525195379
-0.356839737894895
-0.356926149781969
-0.357011842955957
-0.357096086513225
-0.357178538498349
-0.357260267764149
-0.357340561792085
-0.357419338424856
-0.357496951547539
-0.357573162495062
-0.357647878740856
-0.357721354041802
-0.357793646107552
-0.357864541492409
-0.357933658350657
-0.358002049610859
-0.358069010517543
-0.358134140432608
-0.358198543053732
-0.358261495713702
-0.358322903775466
-0.358382732163063
-0.358441817500881
-0.358499438176061
-0.358555220423559
-0.358610272290392
-0.35866387488828
-0.358716071144888
-0.358766908392462
-0.358816377232066
-0.358864149114101
-0.358910954309468
-0.358956507220415
-0.359000623426682
-0.359043342333735
-0.359084793662387
-0.359124425769314
-0.359163284803835
-0.359200712001218
-0.359236759064308
-0.359271503439321
-0.359304681297528
-0.359336636477645
-0.359367365547217
-0.359396250498504
-0.359424356195301
-0.359451027219244
-0.359476343589981
-0.359499844435318
-0.359522610790669
-0.359543463116343
-0.359563567202008
-0.359581742937682
-0.359599167449236
-0.359614652961803
-0.359629361657502
-0.359642252158622
-0.359654147034753
-0.359664726326852
-0.359673428070159
-0.359681386344943
-0.359687727234351
-0.359692854491713
-0.359696136636832
-0.359698677196396
-0.359699747809203
-0.359698973604315
-0.359696980244185
-0.359694207898538
-0.359689814061769
-0.359684176277699
-0.359676913771054
-0.359668498813684
-0.359658739197272
-0.359647149195714
-0.359634821802714
-0.359620676490439
-0.359605534419808
-0.359589113643629
-0.359571191595533
-0.359551950053787
-0.359531366070722
-0.359509337107076
-0.359486048582947
-0.359461094313974
-0.359435160270017
-0.359407825618909
-0.359379130020945
-0.359348811986625
-0.359317520635835
-0.359284623612115
-0.359250636746266
-0.359215221762077
-0.359178314632187
-0.359140246851676
-0.359100658493751
-0.35905989452501
-0.3590176119184
-0.358974159129215
-0.358929308806915
-0.358883102011151
-0.358835546529408
-0.358786652351393
-0.358736382921738
-0.358684813454204
-0.358631868240275
-0.358577515331956
-0.358521949562492
-0.358465019243672
-0.358406304498198
-0.358346723565347
-0.358285920854659
-0.358223259327906
-0.358159857067912
-0.358094560355072
-0.358028517666241
-0.357960564759188
-0.357891868196414
-0.35782156621663
-0.357750075362483
-0.357677013435297
-0.357602821179933
-0.357526803458041
-0.357450057814827
-0.357371838456115
-0.357292297263979
-0.357211216242682
-0.357129029325275
-0.357045342536418
-0.356960486646941
-0.356874253253591
-0.356786656548725
-0.356697776788987
-0.356607535708838
-0.356515715894767
-0.356422956420793
-0.356328794240083
-0.356233326063512
-0.356136488957155
-0.356038278599207
-0.355938849776627
-0.355837648731131
-0.355735738188776
-0.355632413055326
-0.355527304508464
-0.355421474703043
-0.35531379222857
-0.355205383889009
-0.355095099153727
-0.354984088640725
-0.354871195125582
-0.354757576224052
-0.354642073755738
-0.35452584652826
-0.354408167196445
-0.354288795701299
-0.354168491300374
-0.354046931283761
-0.353923853464868
-0.353799654213906
-0.353674080192616
-0.353547183362367
-0.353418833121616
-0.353289433598403
-0.353158270816621
-0.353026407661864
-0.35289311512449
-0.352758543268646
-0.35262221760533
-0.352485195799464
-0.352346784738533
-0.352206620224442
-0.352065754517526
-0.35192307255058
-0.351779685218887
-0.351634461019323
-0.351488520783653
-0.351341015031588
-0.351192292903059
-0.351042423756367
-0.350891067980499
-0.350738610673178
-0.350584687514577
-0.350429684071875
-0.350273263512255
-0.350115701300917
-0.349956417149554
-0.349796440889642
-0.349634696519792
-0.349472255640169
-0.349308016751683
-0.349143089353762
-0.348976346080763
-0.34880891300532
-0.348640056703032
-0.348469954515222
-0.348298418484216
-0.348125810798485
-0.34795180316623
-0.347776685714297
-0.34759987127595
-0.347422372274246
-0.347243139525708
-0.347063234109723
-0.346881545310497
-0.346699182130102
-0.346515033399888
-0.346330211677506
-0.346144002105959
-0.345956557031902
-0.345767424984835
-0.345577638021689
-0.345386415637443
-0.345194086446587
-0.345000070277864
-0.344805403392032
-0.344608996701522
-0.344411929204004
-0.344213114859415
-0.344013641989809
-0.343812668994657
-0.343610677713871
-0.343406994159882
-0.343202663930736
-0.342996871575858
-0.342790053916415
-0.342581850187696
-0.342372468448844
-0.342162029211086
-0.341950325610033
-0.341737305863166
-0.34152326013454
-0.341307592804947
-0.341091301973734
-0.340873713617465
-0.340654710203023
-0.34043481434701
-0.3402136090551
-0.339991298414021
-0.339767781984254
-0.33954307338934
-0.339317052069218
-0.339090060073381
-0.338861469157889
-0.338632270759344
-0.33840167910991
-0.338170091833002
-0.33793689184646
-0.33770308485926
-0.337467618696803
-0.337231540930652
-0.336994040706165
-0.336755575018872
-0.336515742189125
-0.336274962244304
-0.336032590218816
-0.33578962457046
-0.335545400681694
-0.335299634094428
-0.335053278217169
-0.334805611758786
-0.334556889729289
-0.334306605629577
-0.334055736676868
-0.333803652968456
-0.333550014596019
-0.333295796394061
-0.333039971295646
-0.332783562906879
-0.332525535538459
-0.332266927144197
-0.332006958415857
-0.331746040181614
-0.331483563456738
-0.33122052411885
-0.33095628889106
-0.330690529968427
-0.330424207557933
-0.330156700797809
-0.329887677482322
-0.329618098130893
-0.329346951877495
-0.329075247278476
-0.328802230245402
-0.328528276930046
-0.328252809904538
-0.327976797879706
-0.327699607512914
-0.327420949603049
-0.327141750197768
-0.326861395745154
-0.326579561884059
-0.326297193312405
-0.326013679975041
-0.325728696360095
-0.325443143657293
-0.325156506274839
-0.324868701903418
-0.324579575660455
-0.324289922839663
-0.323999008452796
-0.323707210469659
-0.323414240621274
-0.32312034632623
-0.322825025202157
-0.32252919200307
-0.322231886388891
-0.321934068491569
-0.321634756713481
-0.321334929142539
-0.321033615275127
-0.320731794522525
-0.320428756430746
-0.320124821219764
-0.319819467103257
-0.319513624113313
-0.319206322563723
-0.318898529542394
-0.318589272734594
-0.318279526435119
-0.317968318430544
-0.317656623788081
-0.31734347127796
-0.317029838538893
-0.316715031009095
-0.316399337316501
-0.316082282503677
-0.315764763275479
-0.315446128023594
-0.3151265861216
-0.31480570581386
-0.314484371868593
-0.314161915073367
-0.313838609050557
-0.313514314010099
-0.313188996492649
-0.312862486592378
-0.312535532442664
-0.312207397686319
-0.311878382912264
-0.311548619332276
-0.311217519003337
-0.310885985673537
-0.310553086218221
-0.310219752870948
-0.309885051993318
-0.309549900789336
-0.309213478805135
-0.308876454467666
-0.308538553188682
-0.308199686091559
-0.307859572132783
-0.307519050655775
-0.307177561047543
-0.306834809011846
-0.306491656390352
-0.306147193260738
-0.305802326729651
-0.305456413915633
-0.305109714568563
-0.304761767593128
-0.304413429003878
-0.304063809124727
-0.303713799303544
-0.303362496087431
-0.303010804662328
-0.302657823263044
-0.302304460908148
-0.301950052332757
-0.301594924140109
-0.301238889471386
-0.300882041935038
-0.300524020379865
-0.300165643756126
-0.299806037105934
-0.299446070573163
-0.299085189199564
-0.298723157195785
-0.29836076358023
-0.297997485002994
-0.297633041933387
-0.297268258590302
-0.296902267970508
-0.296535936789431
-0.296168526122185
-0.295800347014562
-0.295431454723547
-0.295062002677514
-0.294691460647444
-0.294320307148074
-0.293948534145433
-0.293575912242391
-0.293202486886934
-0.292828332149149
-0.292453343811087
-0.292077706179444
-0.291701277144792
-0.291324089125307
-0.290946217504227
-0.290567420964664
-0.290188104154277
-0.289808073563099
-0.289426982672846
-0.289045612714339
-0.288663433595559
-0.288280472494761
-0.287896562508256
-0.287512368658236
-0.287127388801686
-0.286741563435293
-0.286355194414511
-0.285967782176428
-0.285580114318704
-0.285191680425126
-0.284802231168228
-0.284412508954706
-0.28402198743576
-0.283630854949223
-0.283238728175569
-0.282846356218215
-0.282453232520092
-0.282059133171734
-0.281664798687361
-0.281269736198658
-0.280873692900283
-0.280477400895534
-0.280080405425796
-0.279682762229129
-0.279284464797523
-0.27888552661407
-0.278485956855723
-0.278085470671733
-0.277684783772512
-0.277283380997452
-0.276881399172926
-0.276478496607543
-0.276075398329372
-0.275671512356977
-0.275267174375656
-0.274861910061257
-0.274456457697466
-0.274050050379488
-0.273643455798473
-0.273236197318434
-0.272828312082977
-0.272419868593043
-0.272010557741712
-0.271601082077928
-0.271190979762755
-0.270780014352435
-0.270368889280813
-0.26995702732886
-0.269544762364875
-0.269131705051598
-0.268718271441727
-0.268304422203554
-0.267889710273005
-0.267474853810103
-0.267059399780162
-0.266643328946278
-0.266226822225436
-0.265809777295323
-0.265391945576649
-0.264973992691845
-0.264555202292619
-0.264136289226358
-0.263716531468438
-0.263296653645056
-0.262876194789182
-0.262455234481604
-0.262033523301867
-0.261611708837621
-0.261189352170083
-0.260766413209904
-0.260343122696388
-0.259919268465156
-0.259495082254621
-0.259070153936998
-0.258645142845909
-0.258219618083023
-0.257793596620694
-0.257366924424066
-0.256940176964648
-0.256512824709166
-0.256085184260293
-0.255657040221801
-0.255228521768942
-0.25479932416652
-0.254370073077402
-0.253940335553987
-0.253510204896967
-0.253079649494607
-0.252648455949519
-0.252217226449698
-0.251785554283341
-0.251353230774617
-0.250920874379523
-0.250487832102869
-0.250054757185295
-0.249621154125156
-0.249187295437839
-0.248752796318823
-0.248318278751795
-0.247883334477417
-0.247447910232549
-0.247012300678199
-0.246576314296912
-0.246139894535349
-0.245703277721152
-0.245266069666846
-0.24482886768215
-0.244391050413933
-0.243953239680926
-0.243514944030626
-0.243076467349611
-0.242637418338232
-0.242198388923686
-0.241758822471167
-0.241319118542762
-0.240879189768823
-0.240438915986001
-0.239998278521093
-0.239557486661672
-0.239116169234561
-0.238674896621494
-0.238233295020631
-0.237791384515824
-0.237349260297742
-0.236906802314273
-0.236464192984651
-0.236021299343743
-0.235578154408594
-0.235134815308274
-0.234691165849869
-0.234247368394674
-0.233803351808461
-0.233358897523713
-0.232914527112338
-0.232469682694605
-0.232024921592515
-0.231579882291054
-0.23113464529662
-0.230688989218154
-0.2302434312909
-0.229797478390564
-0.22935146512126
-0.228905348006625
-0.228458810744414
-0.22801238281518
-0.227565670037535
-0.227118860371242
-0.226671663554291
-0.226224588919617
-0.225777301460372
-0.225329769426979
-0.224882013403888
-0.22443438040253
-0.223986356648012
-0.223538465939551
-0.223090340208745
-0.222642140946115
-0.222193716681644
-0.221745279706883
-0.221296523537974
-0.220847921832226
-0.220398980078852
-0.219950194948101
-0.219501256929378
-0.219052202349577
-0.218602883289069
-0.218153735353762
-0.217704457237369
-0.217255083088461
-0.216805646889906
-0.216355960424407
-0.215906461603078
-0.215456862967149
-0.215007126927706
-0.214557432932142
-0.214107507004671
-0.21365777167855
-0.213207955674028
-0.212757921738943
-0.212308075828621
-0.21185818640437
-0.211408090631152
-0.210958206954009
-0.210508260815826
-0.21005823388207
-0.209608281608218
-0.209158148391385
-0.208708240682274
-0.208258278135014
-0.207808341914049
-0.207358376754549
-0.206908466123006
-0.206458416429714
-0.206008615932968
-0.205558809451669
-0.205108873068137
-0.204659187882036
-0.204209354651387
-0.203759774647951
-0.203310190727127
-0.202860663744771
-0.202411075452159
-0.201961644074068
-0.201512336137417
-0.201062932596862
-0.200613802067875
-0.200164660843031
-0.19971566406681
-0.199266732419562
-0.198817741639062
-0.198369052208834
-0.197920427262983
-0.197471760255997
-0.197023385507664
-0.196574957646801
-0.196126826495477
-0.195678644817136
-0.19523076457272
-0.194782842003141
-0.194335226469041
-0.193887698578196
-0.193440309209666
-0.19299300007646
-0.192545911680526
-0.192098838740139
-0.191652093046253
-0.191205474938651
-0.190758900455267
-0.190312652467523
-0.189866546332292
-0.189420493244757
-0.18897477675047
-0.188529153601349
-0.188083688939952
-0.187638561728887
-0.187193484425858
-0.186748755406275
-0.186304088301557
-0.185859774533171
-0.185415602182177
-0.184971688940723
-0.184527876106527
-0.184084431929144
-0.18364118474206
-0.183198159107793
-0.182755278207059
-0.182312771804279
-0.181870387821672
-0.181428385870458
-0.180986608166432
-0.180544988042873
-0.180103748172449
-0.179662756647336
-0.179221938274399
-0.178781513369372
-0.178341255558273
-0.177901394446908
-0.177461790301881
-0.177022462430687
-0.17658343275364
-0.176144617914033
-0.17570621428726
-0.175268009248021
-0.174830231583621
-0.17439274248905
-0.173955517652896
-0.173518599263317
-0.173082098613391
-0.172645832666375
-0.1722099938422
-0.171774465034913
-0.171339209206431
-0.170904385984266
-0.170469885629053
-0.170035739966203
-0.169601934143742
-0.169168497377529
-0.168735427504123
-0.1683026734952
-0.167870363950565
-0.167438415339392
-0.167006791654628
-0.166575624321619
-0.166144780655675
-0.165714397683637
-0.165284371519268
-0.164854771624113
-0.164425520795086
-0.163996740270923
-0.16356835252408
-0.163140379811817
-0.162712784941895
-0.162285666368468
-0.161858963497475
-0.16143267972696
-0.161006836656705
-0.160581429416117
-0.160156463161999
-0.15973194536565
-0.159307870569091
-0.158884256268578
-0.158461094420584
-0.158038370332478
-0.157616147022465
-0.157194362350465
-0.1567730821771
-0.156352269231324
-0.155931933552933
-0.155512082900812
-0.155092703962746
-0.154673839646452
-0.154255462656331
-0.153837573487474
-0.153420203681179
-0.153003334544878
-0.15258697511308
-0.152171127269875
-0.151755800105618
-0.151340994022722
-0.150926711396128
-0.150512958267606
-0.150099737398327
-0.149687055972483
-0.149274911999189
-0.148863316261223
-0.148452263262493
-0.148041765327195
-0.147631817825148
-0.147222425969207
-0.146813605504497
-0.146405357875272
-0.145997660343925
-0.145590536875115
-0.145184000599182
-0.144778036694959
-0.1443726582391
-0.143967869179601
-0.143563674278333
-0.143160073475415
-0.142757094169128
-0.142354686871417
-0.141952895760606
-0.141551703027292
-0.141151161802668
-0.140751195896156
-0.140351889738889
-0.139953177146921
-0.139555079631125
-0.139157657896674
-0.138760823290032
-0.138364635744386
-0.137969134270197
-0.137574225670751
-0.137179974805312
-0.136786379936944
-0.136393489928622
-0.136001199032873
-0.13560958213837
-0.135218686350629
-0.134828391978022
-0.134438817220156
-0.134049909909437
-0.1336616428328
-0.133274089677161
-0.132887267769697
-0.132501057852476
-0.132115554536551
-0.131730828801629
-0.131346715432911
-0.130963392210362
-0.130580685741522
-0.130198731278068
-0.129817468993539
-0.129437015534602
-0.129057177898092
-0.128678086506744
-0.128299807878629
-0.127922158918628
-0.127545343766262
-0.127169160998315
-0.126793828012811
-0.126419130416463
-0.126045294259815
-0.125672096524898
-0.125299771008049
-0.124928086651022
-0.124557224106031
-0.124187091737493
-0.123817840537457
-0.12344923375882
-0.123081523878693
-0.12271446608261
-0.122348246842376
-0.121982780129574
-0.12161814364336
-0.121254300648702
-0.120891226342476
-0.120529069430217
-0.120167566896417
-0.119807007187706
-0.119447107052514
-0.119088166565087
-0.118729887373482
-0.118372459859985
-0.118015886030839
-0.117660121264599
-0.11730519385415
-0.116951103186327
-0.116597975072425
-0.116245511915032
-0.115894040406153
-0.11554324590704
-0.115193329254473
-0.114844412317379
-0.114496175956197
-0.114148957695845
-0.113802422802618
-0.113456924935037
-0.11311211084727
-0.112768215693526
-0.112425195308474
-0.112083208290221
-0.111741905514652
-0.111401662213274
-0.111062113283098
-0.110723493088514
-0.11038580771446
-0.110048984023086
-0.109713106821752
-0.109378085899335
-0.109044133888729
-0.108710874255342
-0.108378595548008
-0.108047189073985
-0.107716877650382
-0.107387436556739
-0.10705875229537
-0.106730977000296
-0.106404337344298
-0.106078405087917
-0.105753623606057
-0.10542955023327
-0.105106643378949
-0.104784446615072
-0.104463426778361
-0.104143118633569
-0.103823957032687
-0.103505619083105
-0.103188205271459
-0.102871800045476
-0.102556350762044
-0.102241898681026
-0.101928395810328
-0.101616052066228
-0.101304429909417
-0.100993820929421
-0.100684403193459
-0.100375701393505
-0.100068228492602
-0.0997614766864514
-0.099455973778948
-0.0991511949440597
-0.0988474830441771
-0.0985447722213051
-0.0982432905374183
-0.0979425288667779
-0.0976429121473277
-0.0973441959983745
-0.0970467388695387
-0.0967500062150518
-0.0964545707597866
-0.0961598547243828
-0.095866220415826
-0.0955738611158765
-0.0952822312218568
-0.0949919145349384
-0.0947023324405311
-0.0944139510409052
-0.0941265315275986
-0.093840127885167
-0.0935550274789547
-0.0932706687323163
-0.0929876397410451
-0.0927053512079607
-0.0924244194475856
-0.0921442309631283
-0.0918652428665161
-0.091587239432908
-0.0913104246512934
-0.0910345663068327
-0.0907598917128486
-0.0904861837730035
-0.0902138133866682
-0.0899421857961964
-0.0896716955274477
-0.0894024636172079
-0.0891343690113949
-0.088867031322013
-0.088601112959903
-0.0883359467304063
-0.0880722109244497
-0.0878092290959614
-0.0875476863961132
-0.0872869748555091
-0.0870273300930967
-0.0867691127122264
-0.08651173325953
-0.0862554096182766
-0.0860005249067094
-0.0857463939054555
-0.0854937267699351
-0.0852418263416146
-0.0849913908343891
-0.084741714541004
-0.0844935260994592
-0.0842461006512311
-0.0839998961780815
-0.0837551295435842
-0.0835111178500699
-0.0832686038845382
-0.0830268547908993
-0.0827866161015189
-0.0825471333203395
-0.082308947474037
-0.0820718511300868
-0.0818362334945329
-0.0816016827336205
-0.081367914978236
-0.0811357018928902
-0.0809042588873945
-0.0806742821190401
-0.0804452456251045
-0.0802173764146448
-0.0799908360817028
-0.0797653222295172
-0.0795411598547573
-0.0793179862869506
-0.0790963359275099
-0.0788754410736637
-0.078656111709433
-0.0784375476663361
-0.0782203554571372
-0.078004234114032
-0.0777896611691459
-0.077575849930346
-0.0773633786035136
-0.0771520304712978
-0.076942230845582
-0.0767331931245779
-0.0765255586164705
-0.0763189724954464
-0.0761136512950562
-0.075909853350971
-0.0757068195686739
-0.0755053980481874
-0.0753047468699017
-0.0751057322094976
-0.0749074899273526
-0.0747108942447722
-0.0745150720608048
-0.0743207812822081
-0.0741277979779578
-0.0739356084561412
-0.0737450910102486
-0.0735553494311056
-0.0733672917045507
-0.0731800235653593
-0.0729944203474842
-0.0728095921162797
-0.0726264589176876
-0.0724440983104095
-0.0722634351660149
-0.0720835463732259
-0.0719053618287015
-0.0717279509353524
-0.0715522503939701
-0.0713773232544409
-0.071204112401871
-0.0710316751638972
-0.0708609577113073
-0.0706910175848849
-0.0705228090010063
-0.0703553695918405
-0.0701896672489855
-0.0700247506686608
-0.0698611962006016
-0.0696990834104764
-0.0695380535792328
-0.0693787102165854
-0.0692201128976214
-0.0690632509798996
-0.0689071597815526
-0.0687525580958332
-0.0685991026158434
-0.0684473511296453
-0.0682963644564738
-0.0681470276070765
-0.0679987565294211
-0.0678516212767485
-0.0677062228778826
-0.0675615908984622
-0.067418733139389
-0.0672766432803759
-0.0671359677478053
-0.0669965906284155
-0.0668589231605647
-0.0667220131566797
-0.0665868766233548
-0.066452505798531
-0.066319930224256
-0.0661881226583497
-0.0660581245645034
-0.0659288934176117
-0.0658011005596188
-0.0656746137154692
-0.0655495836493457
-0.0654257045474841
-0.0653035663795986
-0.0651821734190988
-0.0650622846516951
-0.0649435782357614
-0.0648262790293261
-0.0647102355397299
-0.0645955587502243
-0.064482168809517
-0.0643700996481013
-0.0642594219694585
-0.0641499170605161
-0.0640421413103646
-0.0639351163625994
-0.0638299106746801
-0.06372546544353
-0.0636228654865745
-0.063521029521753
-0.0634210521299145
-0.0633218396395161
-0.0632244937856442
-0.0631279126592492
-0.0630332040408472
-0.06293925955055
-0.0628470956646368
-0.0627559662533949
-0.0626660718340391
-0.0625778237783318
-0.0624906298901845
-0.0624047874787556
-0.0623204534667439
-0.0622372756818619
-0.0621558970916843
-0.0620752594404059
-0.061996129328238
-0.0619182562567487
-0.061841857313466
-0.0617666717800028
-0.0616930418424138
-0.061620676558758
-0.0615494386288731
-0.0614800167711516
-0.0614113420617273
-0.0613445508928508
-0.0612785136709605
-0.061214378788404
-0.0611510013632519
-0.0610894225275627
-0.0610289272609685
-0.0609696326826188
-0.0609122118704432
-0.0608555400755565
-0.0608004261986255
-0.0607465642331973
-0.0606945422602456
-0.0606432604062702
-0.0605936195831584
-0.060545104219272
-0.0604980392905559
-0.0604522794768112
-0.0604079236729537
-0.0603648883189295
-0.0603236574361026
-0.0602831522829278
-0.0602440953621423
-0.0602064559055757
-0.0601701261729853
-0.0601351848297804
-0.0601020195808457
-0.0600695832831181
-0.0600387182441532
-0.0600090578742612
-0.0599812535741295
-0.0599541763878606
-0.0599290193816438
-0.059904597430777
-0.0598821234537496
-0.0598603791303881
-0.0598401215953124
-0.0598215300440257
-0.0598039574557295
-0.0597882531835622
-0.0597732940492949
-0.0597598078050815
-0.0597479729048479
-0.0597376349921807
-0.05972803230289
-0.0597200975128463
-0.0597133077634521
-0.0597084169956739
-0.059704247376298
-0.0597016923536542
-0.0597003312706853
-0.0597004200281423
-0.0597018433482394
-0.0597051094957857
-0.059709081203241
-0.0597145181915259
-0.0597217975699817
-0.0597297950066914
-0.0597397274736268
-0.0597508861454382
-0.0597628073980482
-0.0597767271493155
-0.0597913816129168
-0.0598076284007669
-0.0598251593922796
-0.0598442181857658
-0.0598644972147372
-0.0598866387818409
-0.0599094863420304
-0.0599342675013878
-0.059959765007088
-0.0599872188313496
-0.0600153925494824
-0.0600455318083747
-0.0600763927351333
-0.0601092214869113
-0.0601427697984404
-0.060178001475752
-0.0602143625515162
-0.0602522669317716
-0.060291390738964
-0.0603323830180341
-0.0603740727514996
-0.0604172244033506
-0.0604621182798396
-0.0605080563336255
-0.060555172318685
-0.0606037332092295
-0.0606539401947411
-0.0607052950500249
-0.0607577876704064
-0.0608118034315719
-0.0608670476813279
-0.0609241509775929
-0.0609819432916093
-0.0610416671391199
-0.0611020891167649
-0.0611640278679095
-0.0612272877936301
-0.061291942531653
-0.0613581049444014
-0.0614255175323749
-0.0614941353568521
-0.0615646072623329
-0.061635760082415
-0.0617088383439919
-0.06178260809827
-0.0618583254316314
-0.0619347378278763
-0.0620131057178681
-0.0620921693635521
-0.0621731907646153
-0.0622549071424747
-0.0623385817041465
-0.0624229500939381
-0.062509275553911
-0.062596293727796
-0.0626852674362286
-0.0627749324997445
-0.0628665513783884
-0.0629588600114938
-0.0630526539784398
-0.0631480015768828
-0.0632444415528279
-0.0633422992170649
-0.0634414395862609
-0.0635424012930896
-0.0636440259716364
-0.0637470911411775
-0.0638517963189514
-0.0639574299429803
-0.0640648119943748
-0.0641730987765454
-0.0642826492624397
-0.0643940615338009
-0.0645061379064031
-0.0646201265584729
-0.0647347847521078
-0.0648510060946287
-0.0649684120182543
-0.06508766390995
-0.0652075750328981
-0.0653293842479803
-0.0654518605268924
-0.0655758322529492
-0.0657010629334162
-0.0658281167867499
-0.0659558342004245
-0.0660852376687353
-0.0662156834902466
-0.0663473421490845
-0.0664808385634611
-0.066614990248351
-0.0667510227634439
-0.0668877154199899
-0.0670263039895966
-0.0671655521705334
-0.06730670118414
-0.0674490168384783
-0.0675920270168641
-0.0677367135614966
-0.0678824371001671
-0.0680300093075644
-0.0681782310509367
-0.068328331325376
-0.0684790844017164
-0.0686317191884769
-0.0687850063682
-0.0689401750667562
-0.0690959954984609
-0.0692536949124885
-0.0694120440039558
-0.0695719141260463
-0.069732935064284
-0.0698957474588233
-0.0700591935003739
-0.0702244795887299
-0.0703904065320648
-0.0705578444208013
-0.0707264065092515
-0.0708967448962735
-0.0710677125714333
-0.0712405048756918
-0.0714139345884345
-0.0715887449248094
-0.0717648982261477
-0.0719422587641313
-0.072121335483278
-0.0723010303062593
-0.0724825209828369
-0.0726646421289458
-0.0728481260086952
-0.0730328994355414
-0.0732189310133696
-0.0734066464133395
-0.0735949692516204
-0.0737850736852916
-0.0739757952377665
-0.0741681650598153
-0.0743617180135261
-0.0745561608034178
-0.0747518392647296
-0.0749492622284619
-0.0751472931841037
-0.0753466727788356
-0.075547522989863
-0.0757493138474135
-0.0759523314914992
-0.0761567849110206
-0.0763621951415165
-0.0765693037962658
-0.0767770036076283
-0.0769860253492706
-0.0771963673396669
-0.0774078004055524
-0.0776206231628944
-0.0778343974759631
-0.0780498458814363
-0.078265878479299
-0.0784836452095127
-0.0787020041120506
-0.0789216642996581
-0.0791429841515621
-0.0793649011836857
-0.0795885335657931
-0.0798128008416163
-0.0800383074037464
-0.0802654735322461
-0.0804932345615313
-0.0807224527252408
-0.0809526346534764
-0.0811844416824445
-0.0814168420828691
-0.0816509302384661
-0.0818856156438183
-0.0821216958434727
-0.0823587962353493
-0.0825975191368379
-0.0828368286692253
-0.0830775560537678
-0.0833192279966844
-0.083562504434007
-0.0838063666489852
-0.0840518773949538
-0.0842979798386826
-0.0845457342757525
-0.0847940821045916
-0.0850436683675207
-0.0852948387430177
-0.0855465866701984
-0.0857999615184969
-0.08605434827791
-0.0863093488746478
-0.0865658775943346
-0.0868234716317654
-0.0870821563779161
-0.0873419025646927
-0.0876025855744118
-0.0878643337761675
-0.0881276590106226
-0.0883915581091187
-0.0886567522800144
-0.0889230830788972
-0.0891903596197696
-0.0894590178998237
-0.0897284630710662
-0.0899992955562067
-0.0902709229641727
-0.0905436037751788
-0.0908177866283606
-0.0910925306850962
-0.0913688142589395
-0.0916456658113984
-0.0919240608118598
-0.0922030241367574
-0.0924835291183285
-0.0927646026084071
-0.0930472106567187
-0.0933303943634586
-0.0936150939822559
-0.0939003609291439
-0.0941871468302365
-0.0944744981048235
-0.0947631586978677
-0.0950526700520081
-0.0953436334802176
-0.0956351512203315
-0.0959281466689192
-0.0962216990219273
-0.0965167294362758
-0.0968123160051706
-0.0971093741248648
-0.0974069889066397
-0.0977060677306418
-0.0980057031648521
-0.0983067924650583
-0.0986084730911718
-0.0989113555364923
-0.0992150742933181
-0.0995201841853675
-0.0998258405337578
-0.100132910128785
-0.100440528922532
-0.100749558710303
-0.101059135892117
-0.101370120461516
-0.101681649929553
-0.101994271047412
-0.102308001698627
-0.102622773290269
-0.102938442260057
-0.103255178137223
-0.103572472113932
-0.103891148993105
-0.104210370001375
-0.104530956282568
-0.104852217681714
-0.105174370719258
-0.105497468699807
-0.105821861588587
-0.10614678344491
-0.106472743367722
-0.106799640127724
-0.107127769655762
-0.107456422823947
-0.107786076882211
-0.108116954203027
-0.108448354656577
-0.108781027890866
-0.10911422824766
-0.10944870242454
-0.109783703680309
-0.110119972206426
-0.11045679869864
-0.11079468375749
-0.11113360934557
-0.111473066894022
-0.111813772153391
-0.112155117185172
-0.112497285151004
-0.112840447675587
-0.113184395419603
-0.113529505114123
-0.113875142951302
-0.11422195519837
-0.114569287223166
-0.114917805639568
-0.115266843361932
-0.115616885809394
-0.115967703355789
-0.116319640804964
-0.116672087004454
-0.11702568174548
-0.117379785840963
-0.117735034826987
-0.11809087347744
-0.118447493755932
-0.118805222019282
-0.119163474174991
-0.119522660625134
-0.1198828149147
-0.120243478066719
-0.12060524477005
-0.120967599618624
-0.121330697527173
-0.121694867454426
-0.122059540444427
-0.12242527983795
-0.12279152503817
-0.123158671057641
-0.123526543595434
-0.123895349768479
-0.124264969241819
-0.124635087634001
-0.125006243879129
-0.125377894356122
-0.125750415609716
-0.126123646058213
-0.126497854168977
-0.126872546966451
-0.127248230227009
-0.127624402709544
-0.128001556602407
-0.128379198679821
-0.128757814472509
-0.129136919541242
-0.129516984203255
-0.129897534702932
-0.130279036979904
-0.130661027549129
-0.131043804628035
-0.131427274623582
-0.131811478186803
-0.132196547973778
-0.132582100390458
-0.132968462665846
-0.133355448417693
-0.13374309075597
-0.134131592710748
-0.134520565473232
-0.134910410540983
-0.13530077370572
-0.13569177954633
-0.136083632186767
-0.1364760131931
-0.136869007767198
-0.137262696781154
-0.137657048478467
-0.138052048643634
-0.138447837551741
-0.138844083859675
-0.139241127854789
-0.139638632777141
-0.140036932642984
-0.140435730302014
-0.140835128622318
-0.141235227107339
-0.141636006021823
-0.142037368907171
-0.142439191431421
-0.142841780481172
-0.143244948432492
-0.143648573015261
-0.144052844965721
-0.144457736886221
-0.144863200790151
-0.145269366205217
-0.145675976528314
-0.146083215690218
-0.146491019408666
-0.14689936643522
-0.147308385921902
-0.147717843349837
-0.148127969150271
-0.148538535875866
-0.148949758658687
-0.149361418930625
-0.149773727134336
-0.150186470432004
-0.150599851168538
-0.151013665524071
-0.151428102437933
-0.151842970696807
-0.152258436442165
-0.152674368474625
-0.153090805010402
-0.153507791520075
-0.153925255628545
-0.154343225262083
-0.154761718168856
-0.155180683254598
-0.155600158405527
-0.156020157619774
-0.156440570094448
-0.156861521769695
-0.157282887449123
-0.157704756145315
-0.158127082856106
-0.158549862330549
-0.158973120485246
-0.159396825245521
-0.1598210225306
-0.160245620363236
-0.160670669506414
-0.161096194826288
-0.161522119943662
-0.161948486707927
-0.162375281692228
-0.16280252728786
-0.163230168948042
-0.163658249858027
-0.164086723640377
-0.164515626219031
-0.164944919155441
-0.165374614247201
-0.165804722496471
-0.166235215513163
-0.166666105889613
-0.167097378858081
-0.16752903676744
-0.167961074646555
-0.168393485625578
-0.168826268187818
-0.169259423910217
-0.16969294191481
-0.170126813997599
-0.170561053735677
-0.170995638495699
-0.171430571917037
-0.171865838868714
-0.172301469546314
-0.172737421152415
-0.173173715342909
-0.173610314839043
-0.174047271037435
-0.174484520865557
-0.17492210232928
-0.17536000656933
-0.175798184524264
-0.176236711663943
-0.176675494710262
-0.177114623033323
-0.177554025364305
-0.177993716608352
-0.17843369778306
-0.178873915317888
-0.179314472295396
-0.179755241457853
-0.180196347217412
-0.180637696578308
-0.181079286450484
-0.181521163370384
-0.181963276703614
-0.182405649952603
-0.182848206558108
-0.18329108942628
-0.183734172191594
-0.184177512967741
-0.18462103247291
-0.185064766206022
-0.185508810936323
-0.18595302745763
-0.186397480648882
-0.186842098175077
-0.187286970662244
-0.187731955177189
-0.188177243479959
-0.188622623237175
-0.189068303551574
-0.189514100619276
-0.189960045558802
-0.190406278759816
-0.190852655164401
-0.191299129116466
-0.191745787979953
-0.192192682400939
-0.192639675002616
-0.193086863256142
-0.193534141394391
-0.193981623482144
-0.194429153796194
-0.194876897465009
-0.195324788410803
-0.195772805492586
-0.196220889249378
-0.196669049114828
-0.197117472215574
-0.197565971660393
-0.198014459037178
-0.19846320742462
-0.198912028495506
-0.199360926035515
-0.199809908663153
-0.200258943095675
-0.200708117398439
-0.201157237560064
-0.201606607677935
-0.202055890525387
-0.202505409653778
-0.202954832357463
-0.203404491132505
-0.20385414244954
-0.204303859356866
-0.204753571344717
-0.205203382216251
-0.205653079431549
-0.206103006118512
-0.206552929159564
-0.207002723407699
-0.207452739110773
-0.207902725450111
-0.208352729114661
-0.208802726838221
-0.209252667511164
-0.20970270507204
-0.210152573244141
-0.21060264729849
-0.211052516748222
-0.211502584680391
-0.211952431077987
-0.212402455174077
-0.212852429023738
-0.213302302774856
-0.213752182230198
-0.214202030365414
-0.21465182120051
-0.215101533934484
-0.215551239266568
-0.216000714186807
-0.216450369407627
-0.216899856988882
-0.217349359409387
-0.21779867822183
-0.218248042178383
-0.218697301970813
-0.219146292343982
-0.219595445765228
-0.220044281963763
-0.220493266158419
-0.220941921394486
-0.221390724341468
-0.221839281231606
-0.222287744082226
-0.222736177000524
-0.223184266056841
-0.223632493704089
-0.224080345362088
-0.224528329494676
-0.224976122653517
-0.22542355346243
-0.225871114478904
-0.226318475792712
-0.226765465597454
-0.227212568640931
-0.22765926558351
-0.228106073942867
-0.228552651573932
-0.2289988340254
-0.229445123800215
-0.22989114071525
-0.230337007008836
-0.230782660690137
-0.231228085722495
-0.231673357826782
-0.23211820906028
-0.232563154877606
-0.233007626230555
-0.233452182339137
-0.23389642898074
-0.234340482478966
-0.234784070774717
-0.235227737574879
-0.235670891048586
-0.236114112334861
-0.236556802287624
-0.236999553465542
-0.237441758299014
-0.237884018988025
-0.238325720623687
-0.238767472615662
-0.239208812626764
-0.239649963816181
-0.24009078816662
-0.240531361777064
-0.240971545991437
-0.241411573483577
-0.241851052617125
-0.242290570032997
-0.242729690599812
-0.243168553909693
-0.243606850875259
-0.244045174930673
-0.244483087148785
-0.244920718894339
-0.245357770176355
-0.245794837349406
-0.246231517263005
-0.246667774946241
-0.24710378304803
-0.247539419956838
-0.247974469632406
-0.248409522023144
-0.24884391068515
-0.24927829112293
-0.249711983566236
-0.250145659002428
-0.250578895014014
-0.251011730220717
-0.25144417359441
-0.251875975526529
-0.25230775374718
-0.252739087410108
-0.253169936984107
-0.253600486184038
-0.254030613138323
-0.254460069825114
-0.254889490860988
-0.255318174465271
-0.255746808992649
-0.256174844511316
-0.256602591245432
-0.257029598668878
-0.257456549249366
-0.257882720081331
-0.2583088251125
-0.258734131947434
-0.259159365706605
-0.2595840717542
-0.26000801317716
-0.260431878820917
-0.26085493003254
-0.261277896857446
-0.261700030129473
-0.262122071676061
-0.26254354934189
-0.26296442935328
-0.263384942228673
-0.263804936527673
-0.264224143583069
-0.264643255516912
-0.265061805336131
-0.265479541980553
-0.265897169662851
-0.266313926855431
-0.266730565493811
-0.267146604583243
-0.267561802764156
-0.267976877508242
-0.268391136529013
-0.268804981389441
-0.269218456834897
-0.269631030404042
-0.270043463180703
-0.270455267926473
-0.27086618945142
-0.271276957586904
-0.271687090200451
-0.272096349491742
-0.272505455635291
-0.272913915128583
-0.273321470307623
-0.273728866171116
-0.274135606572502
-0.274541705233249
-0.27494724158212
-0.275352040691563
-0.275756426803505
-0.276159880614927
-0.276563155490911
-0.276965754501968
-0.277367407814527
-0.277768875444496
-0.278169619383836
-0.278569614073446
-0.278969148364601
-0.279368047462308
-0.279765980483302
-0.280163714166104
-0.280560415261002
-0.280956907644871
-0.281352670460773
-0.281747430436221
-0.282141974017061
-0.282535715509505
-0.282928862057778
-0.283320993778677
-0.28371290007918
-0.284103734936972
-0.284494332963115
-0.284884078246008
-0.285273233531982
-0.285661341157695
-0.286049199153117
-0.286436028496563
-0.286822444912901
-0.287208187890696
-0.287592851392411
-0.287977257405896
-0.28836053661163
-0.288743548700761
-0.289125733777282
-0.289507180529202
-0.289887875193539
-0.290267716759325
-0.29064701363977
-0.291025409733354
-0.291403248807237
-0.291779981544302
-0.29215643241578
-0.29253172097057
-0.292906714959644
-0.293280523664418
-0.293653936859807
-0.294026630264088
-0.294398155849773
-0.294769374641901
-0.29513946821577
-0.295509010441269
-0.295877870082525
-0.296245771136382
-0.296613029460717
-0.29697937489124
-0.29734503326781
-0.297709530565673
-0.298073681533361
-0.298436991500693
-0.2987991181273
-0.299160912698799
-0.299521693907564
-0.299881793921239
-0.30024099117561
-0.300599404381414
-0.300956910296535
-0.301313705200096
-0.301669301190166
-0.302024549030335
-0.302378881966479
-0.302732000371583
-0.303084760177634
-0.30343623536168
-0.303787339717067
-0.304137138232528
-0.304486558019646
-0.30483465886282
-0.305182374926917
-0.305528761979357
-0.305874759351431
-0.306219769145947
-0.306563522747977
-0.306906886178105
-0.307248913178326
-0.307590542225987
-0.307931187510527
-0.308270540618089
-0.30860949306472
-0.308947277484247
-0.309284292796248
-0.309620489391109
-0.309955371082787
-0.310289840764322
-0.310622944154224
-0.310955624736206
-0.311286920019859
-0.311617785163654
-0.311947519856534
-0.312276436186421
-0.312604354789802
-0.31293135409619
-0.31325704135589
-0.313582299528816
-0.313906530178836
-0.314229760684916
-0.314552084032048
-0.314873079169039
-0.315193634103762
-0.315513030011732
-0.315831615135219
-0.316148832007938
-0.316465593839075
-0.316780926222807
-0.317095792522562
-0.317409564247585
-0.317722330714569
-0.318033752614143
-0.318344705152605
-0.318654579669318
-0.318963072460157
-0.319271089040943
-0.319577645034553
-0.31988371446765
-0.320188681370219
-0.320492236713436
-0.320795301477397
-0.321096888687762
-0.321397977175987
-0.321697828835144
-0.321996799931848
-0.322294670956685
-0.322591549515473
-0.322887013372549
-0.323181978454221
-0.32347545224582
-0.323768412725107
-0.324060235372859
-0.32435073705117
-0.324640264095089
-0.324928986716719
-0.325216721777608
-0.325502965717971
-0.325788682611784
-0.326072862849162
-0.326356507342244
-0.32663886014123
-0.326920166881425
-0.327200549696708
-0.327479430785854
-0.327757771904644
-0.328034950160736
-0.32831084852977
-0.328585886885991
-0.328859793545045
-0.329132639580931
-0.329404006296882
-0.329674828727125
-0.32994445920447
-0.330212990517799
-0.3304800469179
-0.330746546707704
-0.331011852475151
-0.331275656904755
-0.331538895360942
-0.33180054460455
-0.332061617186518
-0.332321472129527
-0.332579793331495
-0.332837535273643
-0.333094068755449
-0.333349053355202
-0.333603457404347
-0.333856626199055
-0.334108543316263
-0.33435947074724
-0.334609235946472
-0.334857855656968
-0.335105259497902
-0.335351660119931
-0.335596896117823
-0.335840606848486
-0.336083724574272
-0.336325388091079
-0.336565799851819
-0.336805582925757
-0.337043965720941
-0.337281343349921
-0.337517267302672
-0.337751946411522
-0.337985987194935
-0.338218754741749
-0.33845029177514
-0.338680263794147
-0.338909620228165
-0.339137718292844
-0.339364208699122
-0.339590074949171
-0.339814671084402
-0.340037657407011
-0.34026001253604
-0.340481067721735
-0.340700917094847
-0.340919184401378
-0.341136818388234
-0.341353174983044
-0.341568297731693
-0.341782207836349
-0.341994884933065
-0.34220641395199
-0.342416342917066
-0.342625630360497
-0.342833230804993
-0.343040174578346
-0.343245642046526
-0.343450103190415
-0.34365310059114
-0.343855126035636
-0.344055886270725
-0.344255400999395
-0.344453708312251
-0.344650800160252
-0.344846347085802
-0.345041034735057
-0.345234564977544
-0.345426416132478
-0.345617602960371
-0.34580746784352
-0.3459960056627
-0.346183251560915
-0.346369409715152
