-0.191437465404812
-0.191409850514033
-0.191395973317267
-0.191383780433053
-0.191406279270139
-0.191397377466676
-0.191396654805056
-0.191405101018694
-0.191397253805125
-0.191396485982526
-0.191395575266884
-0.191402724697904
-0.191400951154375
-0.191402488534263
-0.191399705157717
-0.191402716687836
-0.191400079878213
-0.191402635123139
-0.191401468512112
-0.191401624992927
-0.191401065865341
-0.19140083240178
-0.191400479669202
-0.191400354044254
-0.191400208800845
-0.191400159347992
-0.191400109785643
-0.19140008557744
-0.191400063251783
-0.191400044782695
-0.191400025375758
-0.191400007075063
-0.19139999058426
-0.191399976899463
-0.191399965391494
-0.191399956415612
-0.191399950353683
-0.191399946345716
-0.19139994491851
-0.191399942951345
-0.191399941885221
-0.191399943139037
-0.19139994226631
-0.19139994322283
-0.191399944634716
-0.191399945264045
-0.191399947753728
-0.19139994878146
-0.191399950945992
-0.191399952194124
-0.191399954709504
-0.191399956467033
-0.191399958694662
-0.191399959678038
-0.191399962230541
-0.191399963113157
-0.191399965094957
-0.191399965928176
-0.191399967722632
-0.191399969342152
-0.19139997005983
-0.191399971241675
-0.191399972894542
-0.191399973901575
-0.19139997486061
-0.191399976057447
-0.191399976271627
-0.191399977567622
-0.191399977925871
-0.191399978651729
-0.191399979350375
-0.191399980558858
-0.191399980214463
-0.191399981240371
-0.191399982034576
-0.191399981910077
-0.191399983015458
-0.191399982744874
-0.191399983661797
-0.1913999836894
-0.191399983937114
-0.191399984301311
-0.19139998496979
-0.191399984924043
-0.191399985365307
-0.191399985516705
-0.191399985867745
-0.191399986303161
-0.191399985955764
-0.191399985956648
-0.191399986333196
-0.191399986201631
-0.191399986965138
-0.191399986725681
-0.191399987193325
-0.191399986666659
-0.191399987664726
-0.191399987166082
-0.191399987748987
-0.191399987380994
-0.191399987650963
-0.19139998776945
-0.191399988025486
-0.191399988056998
-0.191399987880849
-0.191399989134087
-0.191399988135591
-0.191399988986643
-0.191399988490917
-0.191399988809061
-0.191399988151107
-0.191399988756933
-0.191399988313399
-0.191399988811166
-0.19139998899289
-0.191399988953999
-0.19139998987721
-0.191399990371031
-0.191399989838691
-0.191399989816307
-0.191399989766878
-0.191399989785131
-0.191399989802843
-0.191399990247622
-0.191399989043275
-0.191399989915619
-0.191399989953589
-0.191399989478319
-0.191399990157364
-0.191399989980084
-0.191399990133432
-0.191399989955345
-0.19139999040368
-0.191399990231942
-0.191399990324683
-0.19139999076454
-0.191399990579874
-0.191399991143502
-0.191399991062499
-0.191399991339143
-0.191399990868001
-0.191399991251568
-0.191399990924996
-0.191399991321398
-0.191399991090718
-0.191399991451304
-0.191399991769992
-0.191399991660255
-0.191399991884937
-0.191399992581217
-0.191399991303721
-0.19139999233722
-0.191399992161168
-0.191399991644393
-0.191399992403004
-0.19139999219982
-0.191399991972334
-0.191399992527268
-0.191399991982461
-0.191399992292992
-0.191399993362711
-0.191399992349437
-0.191399993270999
-0.191399993096619
-0.191399993067293
-0.19139999278023
-0.191399993849551
-0.19139999310384
-0.191399993262827
-0.191399993427752
-0.191399993384639
-0.191399993463364
-0.191399993569407
-0.191399993703345
-0.191399994108212
-0.191399994448389
-0.191399994044378
-0.191399994391554
-0.191399994740873
-0.19139999426009
-0.191399994663178
-0.191399994471188
-0.191399994673495
-0.191399994525644
-0.191399994948309
-0.19139999477211
-0.191399995181037
-0.191399995451177
-0.191399995172046
-0.191399995357919
-0.191399995281377
-0.191399995970859
-0.191399995501657
-0.191399996119881
-0.191399995817315
-0.191399996117203
-0.191399995941446
-0.191399996416383
-0.191399996431165
-0.191399996200994
-0.191399996834974
-0.191399996215214
-0.191399996767148
-0.191399996973254
-0.191399996744062
-0.191399997086696
-0.191399997141301
-0.19139999733058
-0.191399997341887
-0.191399997933548
-0.191399998283945
-0.191399998157994
-0.19139999825649
-0.191399997685173
-0.1913999978456
-0.191399998415139
-0.19139999794465
-0.191399998712584
-0.191399998088089
-0.191399998655716
-0.191399997922809
-0.191399999010816
-0.191399998203772
-0.191399999420116
-0.191399998895791
-0.191399999415179
-0.19139999981581
-0.191399998958801
-0.191399999852545
-0.191399999150694
-0.191400000268925
-0.191399999851379
-0.191400000300663
-0.19139999994196
-0.191400000822303
-0.191400000700984
-0.191400001287914
-0.191400000453748
-0.191400001129283
-0.19140000113755
-0.191400001006636
-0.191400001297341
-0.191400001461269
-0.191400001612874
-0.191400001620801
-0.191400002141943
-0.191400002007264
-0.191400002303249
-0.191400002405332
-0.19140000242807
-0.191400002576836
-0.191400002690697
-0.191400002785689
-0.191400002893443
-0.191400003013184
-0.191400003146226
-0.191400003281183
-0.191400003421826
-0.19140000356118
-0.191400003705493
-0.191400003845462
-0.191400003989281
-0.19140000412955
-0.191400004269816
-0.191400004412403
-0.191400004556701
-0.191400004701776
-0.191400004845731
-0.191400004991557
-0.191400005135669
-0.191400005282817
-0.191400005426968
-0.19140000557
-0.191400005713315
-0.191400005860663
-0.191400006006973
-0.191400006159264
-0.191400006305717
-0.19140000646174
-0.191400006607919
-0.191400006767785
-0.191400006915013
-0.191400007061508
-0.191400007214794
-0.191400007365667
-0.191400007514751
-0.191400007668882
-0.191400007819843
-0.19140000797819
-0.191400008130578
-0.191400008293143
-0.191400008445085
-0.19140000859013
-0.19140000874868
-0.191400008896824
-0.191400009059791
-0.191400009201973
-0.191400009371713
-0.19140000950766
-0.191400009688949
-0.191400009815266
-0.191400010015615
-0.191400010119706
-0.191400010359274
-0.191400010402605
-0.191400010749548
-0.191400010592484
-0.191400011284851
-0.191400010900325
-0.191400011155352
-0.191400011263922
-0.191400011758236
-0.191400011887084
-0.191400011726386
-0.191400011949327
-0.191400012753044
-0.19140001267345
-0.191400012488145
-0.191400012312676
-0.191400013090123
-0.191400013053613
-0.191400013336868
-0.19140001395536
-0.191400013799693
-0.191400014314484
-0.191400013314653
-0.191400014396643
-0.191400014318633
-0.19140001493132
-0.191400014628536
-0.191400014423103
-0.191400014570306
-0.19140001516677
-0.191400014888226
-0.191400015847936
-0.191400015693915
-0.19140001632859
-0.19140001618327
-0.191400016274937
-0.1914000167731
-0.191400016633993
-0.19140001630527
-0.191400016372938
-0.191400016848769
-0.191400017075426
-0.19140001648986
-0.191400017199083
-0.191400018096505
-0.191400018347567
-0.191400018081316
-0.191400018238111
-0.191400018522725
-0.191400018376307
-0.191400018640834
-0.191400018746353
-0.191400019117425
-0.1914000192397
-0.191400019321076
-0.191400019706077
-0.191400019745274
-0.19140001992074
-0.191400020109818
-0.191400020270632
-0.191400020415747
-0.19140002056363
-0.191400020725669
-0.191400020889716
-0.191400021054887
-0.191400021224627
-0.191400021396991
-0.191400021570579
-0.191400021743387
-0.191400021916852
-0.191400022089226
-0.191400022262351
-0.191400022433896
-0.191400022606737
-0.191400022777745
-0.191400022950733
-0.191400023121277
-0.19140002329458
-0.191400023464497
-0.191400023638294
-0.191400023807273
-0.191400023981862
-0.19140002414939
-0.191400024325394
-0.191400024490555
-0.191400024669243
-0.191400024830198
-0.191400025014278
-0.191400025166977
-0.191400025362702
-0.191400025499222
-0.191400025609729
-0.191400025729102
-0.191400025876882
-0.191400026050208
-0.191400026214371
-0.191400026375637
-0.191400026541888
-0.19140002670448
-0.191400026865258
-0.191400027025038
-0.191400027187268
-0.191400027347545
-0.191400027509755
-0.191400027669767
-0.191400027832071
-0.19140002799101
-0.191400028152396
-0.191400028309592
-0.191400028469889
-0.191400028625053
-0.191400028784293
-0.191400028937188
-0.19140002909561
-0.191400029245851
-0.191400029403866
-0.191400029550661
-0.191400029709149
-0.191400029850899
-0.191400030011993
-0.191400030145058
-0.191400030314341
-0.191400030429199
-0.191400030622865
-0.191400030690818
-0.191400030961874
-0.191400030883095
-0.191400031430463
-0.19140003080368
-0.191400031592466
-0.191400031377556
-0.191400032026783
-0.191400031833293
-0.191400032139346
-0.191400032148114
-0.191400032264191
-0.191400032120813
-0.191400032310838
-0.191400031813998
-0.191400032464616
-0.191400032438657
-0.191400032797606
-0.191400031089819
-0.191400031681002
-0.191400033048079
-0.191400033681495
-0.191400033399578
-0.191400033337502
-0.191400033853423
-0.191400033990043
-0.191400033280352
-0.191400033482362
-0.191400034242589
-0.191400034413824
-0.19140003464484
-0.191400034733865
-0.19140003492618
-0.191400034920529
-0.191400035095173
-0.191400035091642
-0.191400035183156
-0.19140003484964
-0.191400035227476
-0.191400036664139
-0.191400035573702
-0.191400034598426
-0.1914000344178
-0.191400035695201
-0.191400034393869
-0.191400034773008
-0.191400035812429
-0.191400036144106
-0.19140003651819
-0.191400036378873
-0.191400036574536
-0.191400036651333
-0.191400036671023
-0.191400036748098
-0.191400036756845
-0.191400036911296
-0.191400036932817
-0.191400036854753
-0.191400037117204
-0.1914000371639
-0.191400037269512
-0.191400037427685
-0.191400037449908
-0.19140003753947
-0.191400037520684
-0.191400037558164
-0.191400037621714
-0.191400037599729
-0.191400037694951
-0.191400037783783
-0.191400037799003
-0.191400037807266
-0.191400037968327
-0.191400037893689
-0.191400038026261
-0.191400038176381
-0.191400038244597
-0.191400038075066
-0.191400038406529
-0.19140003813361
-0.191400038929524
-0.191400038236293
-0.191400037809588
-0.191400038275864
-0.191400037861739
-0.19140003811952
-0.191400038644369
-0.191400038004759
-0.191400038016882
-0.191400038845136
-0.191400038895985
-0.191400038691674
-0.191400039112325
-0.191400038433612
-0.191400038946045
-0.191400037723667
-0.191400038732639
-0.191400041027794
-0.191400039084524
-0.191400037954204
-0.191400037923656
-0.191400037542074
-0.191400037743002
-0.191400038957073
-0.191400038421269
-0.191400038774929
-0.191400037792783
-0.191400039356718
-0.191400038065241
-0.191400037968757
-0.191400038965406
-0.191400038008974
-0.19140003800397
-0.191400038120112
-0.191400038243915
-0.191400037879187
-0.191400037487158
-0.191400039084094
-0.191400038011359
-0.191400037609925
-0.1914000374833
-0.191400038027225
-0.191400037415822
-0.191400037529372
-0.191400037698819
-0.191400037354789
-0.191400037388575
-0.191400037794732
-0.191400036718067
-0.191400037980546
-0.191400036682383
-0.191400037239298
-0.191400037094709
-0.191400036220615
-0.191400036330266
-0.191400036490857
-0.191400036655716
-0.191400037043907
-0.191400038375507
-0.191400036632732
-0.191400036030297
-0.191400037601607
-0.191400035733289
-0.191400034830183
-0.191400035249883
-0.191400035590516
-0.191400033625866
-0.191400035181313
-0.191400035426733
-0.191400032696292
-0.191400035207877
-0.191400035745418
-0.191400035216286
-0.191400034920409
-0.191400035103205
-0.191400034579199
-0.191400033946503
-0.191400036195913
-0.191400039588151
-0.191400034476557
-0.191400032382411
-0.191400033009043
-0.191400032195994
-0.191400032196927
-0.191400032424093
-0.19140003274494
-0.191400033178011
-0.191400032933023
-0.191400032288763
-0.191400032318383
-0.191400031017655
-0.191400032286
-0.191400032572909
-0.19140003165478
-0.191400030702228
-0.191400031802798
-0.191400030753559
-0.191400030007012
-0.191400030169162
-0.191400029450155
-0.191400030888056
-0.191400028990056
-0.191400029675793
-0.191400029688
-0.191400029597934
-0.191400028124824
-0.191400027705771
-0.191400028023094
-0.191400027833527
-0.191400027906642
-0.191400027564203
-0.191400028663669
-0.191400026751329
-0.191400026837582
-0.191400026060214
-0.191400026481854
-0.191400025989466
-0.191400026548049
-0.191400026388003
-0.191400022776064
-0.191400024853196
-0.191400024778109
-0.191400025799564
-0.191400024587354
-0.191400024009792
-0.19140002369723
-0.191400023003332
-0.191400022810054
-0.191400023475591
-0.191400022880357
-0.19140002160645
-0.191400023125582
-0.191400021373987
-0.19140002076176
-0.191400020771341
-0.191400020076155
-0.191400019447328
-0.191400021323534
-0.191400019718903
-0.191400019097607
-0.191400018794853
-0.191400020116332
-0.19140001753096
-0.191400018356832
-0.191400017054888
-0.191400016717294
-0.191400016534307
-0.191400016319768
-0.191400016983002
-0.191400015469189
-0.191400018493692
-0.191400015196589
-0.191400014423663
-0.191400014376558
-0.191400012798014
-0.191400013535376
-0.191400012766672
-0.191400012257864
-0.191400011849488
-0.191400012223807
-0.191400015649499
-0.191400011035563
-0.191400010916318
-0.191400010180088
-0.191400012715842
-0.191400009817561
-0.191400009464613
-0.191400009506805
-0.191400008925255
-0.191400007258884
-0.191400006849573
-0.191400007250074
-0.191400006615678
-0.191400006689703
-0.191400006907514
-0.191400004385012
-0.191400003920385
-0.191400004711762
-0.191400004973435
-0.191400003882128
-0.191400004215808
-0.191400003774003
-0.19140000149152
-0.191400001846391
-0.191400001821783
-0.191399997972672
-0.191400000386504
-0.191400002693867
-0.191399995136318
-0.191399999130156
-0.191400000939082
-0.191399999009548
-0.191399998818392
-0.191399999557866
-0.191399997657195
-0.19139999961177
-0.191399995916681
-0.191399996203675
-0.191399997408307
-0.191399993964645
-0.191399993683529
-0.191399995918428
-0.191399993577903
-0.191399992566511
-0.191399993374703
-0.191399990778271
-0.191399990826651
-0.19139999225855
-0.191399990623141
-0.191399982117863
-0.191399987333117
-0.191399987623267
-0.191399986411013
-0.191399985377559
-0.191399985288714
-0.191399986092853
-0.191399987596916
-0.191399985726623
-0.191399978568323
-0.191399983723075
-0.191399983146644
-0.191399981900388
-0.191399987391564
-0.191399982091552
-0.191399981501934
-0.191399982076699
-0.191399981414775
-0.191399979015383
-0.191399980365255
-0.191399979387789
-0.191399977243108
-0.191399964742693
-0.191399974816113
-0.191399973502558
-0.191399971380242
-0.191399974133484
-0.191399974615317
-0.191399975900801
-0.191399972909358
-0.19139997309974
-0.191399971913304
-0.191399972118805
-0.191399973781206
-0.19139997196599
-0.191399967910753
-0.191399968394193
-0.19139997102165
-0.191399968021531
-0.191399967007878
-0.191399966523286
-0.191399964970476
-0.191399965272798
-0.191399965984911
-0.191399967434995
-0.191399963909099
-0.191399964681033
-0.191399963941162
-0.191399961849271
-0.19139996026928
-0.191399960504553
-0.191399959742947
-0.191399959336938
-0.191399958669158
-0.19139995952731
-0.191399959140392
-0.191399956844812
-0.19139995714474
-0.191399954984779
-0.191399955764847
-0.191399954671885
-0.191399955878939
-0.191399953742977
-0.191399952860333
-0.191399952982727
-0.191399953390254
-0.191399950813657
-0.191399950082175
-0.191399947098237
-0.191399949175572
-0.191399950242885
-0.191399949046998
-0.191399946775233
-0.191399948329611
-0.191399947874858
-0.191399945824411
-0.191399946168399
-0.191399943851378
-0.191399942125439
-0.191399943609121
-0.191399943548647
-0.191399937467519
-0.191399941484582
-0.191399943445395
-0.191399941677745
-0.191399940347756
-0.191399938639471
-0.191399937267216
-0.191399939808348
-0.19139993836457
-0.191399934967719
-0.191399934679875
-0.191399936617724
-0.191399933034914
-0.191399933929199
-0.191399934752514
-0.191399931365197
-0.19139993139256
-0.191399940853329
-0.191399930492275
-0.191399926108954
-0.191399927700473
-0.191399927852191
-0.191399930186168
-0.191399927105827
-0.191399924523068
-0.191399925263271
-0.191399928155022
-0.191399925684628
-0.191399924289171
-0.191399922194706
-0.191399921973237
-0.191399922022266
-0.191399921960841
-0.191399921025549
-0.19139992108167
-0.191399920923858
-0.191399919892749
-0.191399919391265
-0.191399917970259
-0.191399917576049
-0.191399917322942
-0.191399916576654
-0.191399916146796
-0.191399915724424
-0.191399916947653
-0.191399915464806
-0.191399912343212
-0.191399910633364
-0.191399910855853
-0.1913999114037
-0.191399910404712
-0.191399910223968
-0.191399911121459
-0.191399912659938
-0.19139991145106
-0.191399908439109
-0.191399905997456
-0.191399906682928
-0.191399906610501
-0.191399906295329
-0.191399905118709
-0.191399906530995
-0.1913999039211
-0.191399904419001
-0.191399903634652
-0.191399900545561
-0.191399902287152
-0.191399902121378
-0.191399902786726
-0.191399899911708
-0.191399901999876
-0.19139989720751
-0.19139989689761
-0.191399896721864
-0.191399899940834
-0.191399897689121
-0.191399897045007
-0.191399894670454
-0.19139989327344
-0.191399894549063
-0.191399894937841
-0.191399898682287
-0.191399891696788
-0.191399890419796
-0.191399890129799
-0.191399893896854
-0.191399896352383
-0.191399891295882
-0.191399888692774
-0.191399891522871
-0.191399888910155
-0.191399887701752
-0.191399888296068
-0.191399884480855
-0.191399885834481
-0.191399889163205
-0.191399885805485
-0.191399885700028
-0.191399888052617
-0.191399885063978
-0.191399883741419
-0.191399885162419
-0.191399882912825
-0.191399882652911
-0.191399880507737
-0.191399881883044
-0.191399883202751
-0.191399879096268
-0.191399877498171
-0.191399881780532
-0.191399882644542
-0.191399878355044
-0.191399877852652
-0.191399874669258
-0.191399876269862
-0.191399880665437
-0.191399881642241
-0.191399874902212
-0.191399875343176
-0.191399878811846
-0.191399874177541
-0.191399874533889
-0.191399879299469
-0.19139987422708
-0.191399869338892
-0.191399874535378
-0.191399876207056
-0.19139987331868
-0.191399870466217
-0.191399875332613
-0.19139987454212
-0.191399870234053
-0.19139986651535
-0.191399871888617
-0.191399873532394
-0.191399871377975
-0.191399866684514
-0.191399872125746
-0.191399870276864
-0.191399864224823
-0.19139986494129
-0.191399870458494
-0.191399868465605
-0.191399865698072
-0.191399867553036
-0.19139987159508
-0.191399868514542
-0.191399868954569
-0.191399865773297
-0.191399863986522
-0.191399862617377
-0.191399862585903
-0.191399867833383
-0.191399869879725
-0.19139986280135
-0.191399858134788
-0.191399864144433
-0.191399866120199
-0.191399862676673
-0.191399862449331
-0.19139986811325
-0.191399863081597
-0.19139986289873
-0.191399858687297
-0.191399859557393
-0.191399864839572
-0.191399867805066
-0.191399859399279
-0.191399856007056
-0.191399862625756
-0.191399866568524
-0.191399862085217
-0.191399853126645
-0.191399857470213
-0.191399863835427
-0.191399863363721
-0.19139985792362
-0.191399861776192
-0.191399862297754
-0.191399859047329
-0.1913998582837
-0.191399862012626
-0.191399860992604
-0.191399858756697
-0.191399859689496
-0.191399856955138
-0.191399857408247
-0.191399862405542
-0.191399861004888
-0.191399858223255
-0.19139985795108
-0.191399857873586
-0.191399861135443
-0.191399860177178
-0.191399858498137
-0.191399860262978
-0.19139985701227
-0.191399857967416
-0.191399856433378
-0.191399858113951
-0.191399860078397
-0.191399860864565
-0.191399858904384
-0.191399854703692
-0.191399854407349
-0.191399859991546
-0.191399863803362
-0.191399857344621
-0.191399856675384
-0.191399860015285
-0.19139986164256
-0.191399856563761
-0.191399856662959
-0.191399860202524
-0.19139985952027
-0.191399860294096
-0.191399862206498
-0.191399857496567
-0.191399857934586
-0.191399857113243
-0.191399858510326
-0.191399860891873
-0.191399861799098
-0.191399860331485
-0.191399857009373
-0.191399856688601
-0.191399860672836
-0.191399863267916
-0.191399861900804
-0.191399861345656
-0.191399860850825
-0.191399858318796
-0.191399857691494
-0.191399860662486
-0.191399864451937
-0.191399864730174
-0.191399860759337
-0.191399859077966
-0.191399859102832
-0.191399863606563
-0.191399864838928
-0.19139986510509
-0.191399865671756
-0.191399861397033
-0.191399858560093
-0.191399860197716
-0.19139986574114
-0.191399868988267
-0.191399865177008
-0.191399862176397
-0.191399862197601
-0.191399863572428
-0.191399863840917
-0.191399865600422
-0.191399867573586
-0.191399863353961
-0.191399865198348
-0.191399870272819
-0.191399870924345
-0.191399867117439
-0.191399867092222
-0.191399867915827
-0.191399868301993
-0.191399867716797
-0.191399868309214
-0.191399868820747
-0.191399869476267
-0.191399869678352
-0.191399870593213
-0.191399869977471
-0.191399873055283
-0.191399870317392
-0.191399872132482
-0.191399872755017
-0.191399870364629
-0.191399870035048
-0.191399874986887
-0.191399871750766
-0.191399870556173
-0.191399877486521
-0.191399876037361
-0.191399874734105
-0.191399875131324
-0.191399875142458
-0.191399876301481
-0.191399875461564
-0.191399877536105
-0.191399876404667
-0.191399875166374
-0.191399877539535
-0.191399880673312
-0.191399879193015
-0.191399877544426
-0.191399879672866
-0.191399879864481
-0.191399880533446
-0.191399880741857
-0.191399882630397
-0.191399879384197
-0.191399879951611
-0.191399880150882
-0.191399884838363
-0.191399884954052
-0.191399886255477
-0.191399886455797
-0.191399880327063
-0.1913998862561
-0.191399885040731
-0.191399885059727
-0.191399887669735
-0.19139988806421
-0.191399886730016
-0.191399888860943
-0.191399898690266
-0.19139988951335
-0.191399890594166
-0.191399892070007
-0.19139989348474
-0.191399892629648
-0.19139989240993
-0.191399892138773
-0.191399891923497
-0.19139989212753
-0.191399894630061
-0.191399896393984
-0.19139989704431
-0.191399897664058
-0.191399900151613
-0.191399898730081
-0.191399897556697
-0.191399897032993
-0.191399898798238
-0.191399900854394
-0.191399899610278
-0.191399898218892
-0.191399902309949
-0.191399905569892
-0.19139990469095
-0.191399903290928
-0.19139990464309
-0.191399903781042
-0.191399904946631
-0.191399905123274
-0.191399907605603
-0.191399907422616
-0.191399908323866
-0.191399907597194
-0.191399910026908
-0.191399909601193
-0.191399910948352
-0.191399909358024
-0.191399910580657
-0.19139991331081
-0.19139991293041
-0.191399913707149
-0.191399913925761
-0.1913999137002
-0.19139990999915
-0.191399914538613
-0.191399917334247
-0.191399917763772
-0.191399917397195
-0.191399918419735
-0.191399921186062
-0.191399921023872
-0.191399919972466
-0.191399922414335
-0.19139992390509
-0.191399920592929
-0.191399921020616
-0.191399924487373
-0.191399925760403
-0.191399926066465
-0.191399928034008
-0.19139992988114
-0.191399930122314
-0.191399927851947
-0.191399929483632
-0.191399929454063
-0.191399930970693
-0.1913999320338
-0.191399933461648
-0.191399930111786
-0.191399931291401
-0.19139993522411
-0.191399936527931
-0.191399936520671
-0.191399937657159
-0.191399938222734
-0.191399935962589
-0.191399937178543
-0.191399941614489
-0.191399941351253
-0.191399937865193
-0.191399940890339
-0.191399943234516
-0.191399945219532
-0.191399941664178
-0.19139994432285
-0.191399945403838
-0.191399947645536
-0.191399947852868
-0.191399950100624
-0.191399949146486
-0.191399948114346
-0.191399948079698
-0.191399950447465
-0.191399947584396
-0.191399951278562
-0.19139995210499
-0.191399951394777
-0.191399951309548
-0.191399952787133
-0.191399954522247
-0.191399957461334
-0.191399958014631
-0.191399957812976
-0.191399958168526
-0.191399959605625
-0.191399959399183
-0.191399959389866
-0.191399961454256
-0.191399962063035
-0.191399962241351
-0.191399956403338
-0.19139996178398
-0.1913999631696
-0.191399964930836
-0.191399964298992
-0.191399970541849
-0.191399971012684
-0.191399962399074
-0.191399968822727
-0.191399969751503
-0.191399971112596
-0.191399972478766
-0.19139997450501
-0.191399975514752
-0.191399973544766
-0.191399972881893
-0.191399974924959
-0.19139997619
-0.191399977110328
-0.191399977831392
-0.191399978601273
-0.191399979309186
-0.191399980583641
-0.191399978578174
-0.191399979235005
-0.191399982072707
-0.191399983387003
-0.191399984663422
-0.191399985380709
-0.191399984498834
-0.191399986407301
-0.191399987015737
-0.191399988013026
-0.191399990093782
-0.191399989768816
-0.191399988832299
-0.191399990187977
-0.191399991069938
-0.191399991313067
-0.191399991259084
-0.191399993368439
-0.191399995884617
-0.191399995703326
-0.191399996232648
-0.191399996426321
-0.191399996459733
-0.191399998927317
-0.19139999964912
-0.191400000176846
-0.191400001299832
-0.191400000972785
-0.191400003475664
-0.191400002860078
-0.191400003015844
-0.191400003663388
-0.19140000440493
-0.19140000549881
-0.191400006885239
-0.191400007000521
-0.191400007673696
-0.191400009040121
-0.191400009756305
-0.191400010943869
-0.191400011144034
-0.191400011972322
-0.191400011749301
-0.191400013625586
-0.19140001446158
-0.191400013717748
-0.191400015418031
-0.191400014514985
-0.19140001639602
-0.191400017358423
-0.191400016894736
-0.191400019217697
-0.191400019433747
-0.191400020019452
-0.191400020304033
-0.191400021664793
-0.191400022445072
-0.19140002337875
-0.191400023674136
-0.191400025681768
-0.191400025071461
-0.191400023494762
-0.19140002640179
-0.191400026107861
-0.191400027378729
-0.191400029223221
-0.191400027668304
-0.191400028940836
-0.191400030831658
-0.191400030683764
-0.191400033153577
-0.191400032233316
-0.191400032723158
-0.191400033167781
-0.191400034228889
-0.191400034838527
-0.191400035897032
-0.191400036588721
-0.191400037387524
-0.191400037834471
-0.191400037330126
-0.191400038686706
-0.191400039851232
-0.1914000402783
-0.191400042361579
-0.191400041972953
-0.191400042523894
-0.191400042210245
-0.191400042466389
-0.191400044661312
-0.191400044299178
-0.191400044436377
-0.191400047393805
-0.191400046817993
-0.191400047145427
-0.191400049156008
-0.191400047991724
-0.191400049626001
-0.191400048983324
-0.191400049817356
-0.19140004972075
-0.191400051131114
-0.191400051903958
-0.191400052405594
-0.191400053870865
-0.19140005368395
-0.191400054045584
-0.191400056125759
-0.191400056536723
-0.191400055402642
-0.191400054972084
-0.191400056698568
-0.191400058273248
-0.191400057714903
-0.191400058047607
-0.191400059301517
-0.191400059494933
-0.191400061186585
-0.191400060336268
-0.191400060786041
-0.191400061633587
-0.191400062225896
-0.191400061905906
-0.191400063506353
-0.191400064275452
-0.191400064395204
-0.191400065014136
-0.191400065511398
-0.191400065794079
-0.191400066185475
-0.191400066791021
-0.191400068222281
-0.191400068019021
-0.191400066995427
-0.191400069181989
-0.191400069500293
-0.191400068526798
-0.191400066947094
-0.191400069737101
-0.191400069278575
-0.191400070957775
-0.19140007231259
-0.191400073240901
-0.191400074116744
-0.191400074901647
-0.191400075046586
-0.191400075689165
-0.191400076678452
-0.191400076325346
-0.191400077424644
-0.191400076971421
-0.191400077962994
-0.191400077385957
-0.19140007901534
-0.191400078246647
-0.191400079078393
-0.191400080331453
-0.1914000800594
-0.191400081844674
-0.191400079416562
-0.191400080147482
-0.191400082509203
-0.191400083320919
-0.191400082174922
-0.191400083351797
-0.191400083869141
-0.191400083893774
-0.191400083984693
-0.191400084534661
-0.191400083941392
-0.191400086284628
-0.191400085614712
-0.191400085516326
-0.191400086071117
-0.191400086386015
-0.19140008681706
-0.191400087699809
-0.191400089072196
-0.191400088176011
-0.191400089234478
-0.191400089328975
-0.19140008759363
-0.191400089481936
-0.191400088848197
-0.191400091771869
-0.191400090359602
-0.191400091707693
-0.191400091581743
-0.191400086910378
-0.191400089953593
-0.191400090990732
-0.191400090440574
-0.191400093063745
-0.191400091855737
-0.191400093870762
-0.191400093987275
-0.191400094454873
-0.191400095577564
-0.19140009550511
-0.191400095515799
-0.191400095679435
-0.191400096174475
-0.191400096674613
-0.191400097021871
-0.191400097589866
-0.191400097288053
-0.191400097909186
-0.19140009824999
-0.191400097973303
-0.191400097987243
-0.191400096781756
-0.19140009817854
-0.19140009880131
-0.191400099699756
-0.191400098210538
-0.191400100790333
-0.191400098564518
-0.191400100614874
-0.191400099287561
-0.191400100714602
-0.191400100074743
-0.191400101127447
-0.191400100889092
-0.191400100219437
-0.191400099995794
-0.191400101853166
-0.191400102172223
-0.191400103184698
-0.191400102836482
-0.191400102166304
-0.191400104188782
-0.191400102515435
-0.191400103919476
-0.191400102589096
-0.191400105350816
-0.191400104945854
-0.191400104395421
-0.191400104151508
-0.191400104271087
-0.191400103350915
-0.191400103868356
-0.191400103653157
-0.191400105968144
-0.191400106093681
-0.191400106161668
-0.191400100818044
-0.191400098988592
-0.191400103476623
-0.191400105590526
-0.191400106349089
-0.191400109766548
-0.191400109028341
-0.191400104940999
-0.191400106250544
-0.191400098436621
-0.191400101810778
-0.191400103998515
-0.191400105775596
-0.191400105529348
-0.191400103827354
-0.191400105703986
-0.191400106504849
-0.191400107355908
-0.191400107534222
-0.1914001090117
-0.191400105670614
-0.191400107515457
-0.191400107910566
-0.191400107858399
-0.191400105653466
-0.19140010575136
-0.191400104733378
-0.19140010631073
-0.19140010681397
-0.19140010528916
-0.191400107132844
-0.191400106092802
-0.191400105981051
-0.191400106430667
-0.191400106198956
-0.191400105924386
-0.191400106006532
-0.191400105093258
-0.191400105990573
-0.191400106277973
-0.191400106319999
-0.191400106701224
-0.191400106722861
-0.19140010552383
-0.191400106574665
-0.191400105478354
-0.191400104404765
-0.191400106045917
-0.191400105499428
-0.191400104057947
-0.191400106078815
-0.191400104666872
-0.191400105155084
-0.191400104787593
-0.191400106161711
-0.191400104935165
-0.191400105068018
-0.19140010496158
-0.191400104786285
-0.191400105106787
-0.191400104316323
-0.191400104393058
-0.191400103179986
-0.191400103281927
-0.191400104071661
-0.191400103402409
-0.191400104395282
-0.191400103282338
-0.191400104064762
-0.191400103610028
-0.191400103115048
-0.191400103110816
-0.191400100744717
-0.191400103181913
-0.19140010366766
-0.191400101534338
-0.191400101356358
-0.191400102130568
-0.191400099064349
-0.191400098316201
-0.191400101319365
-0.19140010105039
-0.191400102481973
-0.191400101627478
-0.191400100804704
-0.191400102965065
-0.19140010015248
-0.191400101538244
-0.191400098954363
-0.191400099554316
-0.191400098796167
-0.191400099096479
-0.191400098815565
-0.191400097789272
-0.191400098161008
-0.19140009754867
-0.19140010078404
-0.191400098446182
-0.191400098239311
-0.191400096782927
-0.191400097998236
-0.191400096586569
-0.191400097581998
-0.191400095231772
-0.191400096297238
-0.191400094993548
-0.191400095159449
-0.191400095488273
-0.191400094741466
-0.191400094900544
-0.191400093803786
-0.191400093240635
-0.19140009494924
-0.191400094451723
-0.191400094046944
-0.19140009476393
-0.191400093421804
-0.191400093908147
-0.191400091422292
-0.191400093090765
-0.191400091788704
-0.191400091587565
-0.191400091501001
-0.191400091773864
-0.191400090965206
-0.191400090702888
-0.191400090494815
-0.191400089151101
-0.191400089874608
-0.191400089333702
-0.191400091363743
-0.191400089479409
-0.191400090696092
-0.191400088836514
-0.191400090155585
-0.191400088199282
-0.191400089500586
-0.191400087514135
-0.191400089777707
-0.191400087687266
-0.191400088749069
-0.191400086435562
-0.191400088524522
-0.191400086356604
-0.1914000877194
-0.191400085215304
-0.191400088076894
-0.19140008565019
-0.191400083912492
-0.191400082185981
-0.19140008180275
-0.19140007849936
-0.191400080161907
-0.191400079527262
-0.191400081068093
-0.191400080579039
-0.191400079930895
-0.191400080230721
-0.191400079025992
-0.191400078986856
-0.191400078734743
-0.191400078132353
-0.191400077972331
-0.191400077579501
-0.191400076405893
-0.191400076988798
-0.191400075809747
-0.191400076699449
-0.191400075999879
-0.19140007556411
-0.191400074780862
-0.191400074491095
-0.191400074277482
-0.191400072901379
-0.191400073021183
-0.191400072363374
-0.191400071757024
-0.191400071466162
-0.191400070989997
-0.19140007180836
-0.191400069863163
-0.191400070777572
-0.191400069623208
-0.191400070054355
-0.191400068432996
-0.191400068678927
-0.191400068060654
-0.19140006902654
-0.191400067398439
-0.191400067421765
-0.191400066199909
-0.191400066052182
-0.191400066541482
-0.191400064217664
-0.191400065092019
-0.191400065220813
-0.191400063139438
-0.191400063775539
-0.191400063562695
-0.191400062735689
-0.191400062563562
-0.191400061992787
-0.191400061363332
-0.191400061093857
-0.19140006051001
-0.191400060131576
-0.191400059761265
-0.191400059309443
-0.191400058648717
-0.191400058402764
-0.191400057999994
-0.191400057366715
-0.19140005702877
-0.191400056916774
-0.191400056122494
-0.191400055947436
-0.191400055235296
-0.191400054902065
-0.191400054404624
-0.191400053762716
-0.191400053454628
-0.191400052604755
-0.19140005197051
-0.191400052190896
-0.191400051210436
-0.19140005202296
-0.191400051304975
-0.191400050638213
-0.191400049925962
-0.19140005001831
-0.191400049257144
-0.191400049301413
-0.19140004837831
-0.191400047383624
-0.191400046539919
-0.191400047213581
-0.191400046491143
-0.19140004592607
-0.191400045430956
-0.191400045156053
-0.191400044511854
-0.191400044288039
-0.191400043603806
-0.19140004330667
-0.191400042750292
-0.191400042045958
-0.191400041870383
-0.191400041472492
-0.191400041270006
-0.191400040348476
-0.191400039831585
-0.191400039725351
-0.191400039463032
-0.19140003882349
-0.191400038565148
-0.191400038013805
-0.191400037421671
-0.191400036903342
-0.191400036511064
-0.191400036110068
-0.191400035695951
-0.191400035275278
-0.191400034878643
-0.19140003446102
-0.191400034039503
-0.191400033615563
-0.191400033187463
-0.191400032772806
-0.191400032333704
-0.191400031934998
-0.191400031486276
-0.191400031112311
-0.191400030642503
-0.191400030305937
-0.191400029795768
-0.191400029525455
-0.191400028929343
-0.191400028800598
-0.191400027990893
-0.191400027638435
-0.191400027147423
-0.191400026668576
-0.19140002622626
-0.191400025781965
-0.1914000253465
-0.191400024919782
-0.191400024488212
-0.19140002408646
-0.191400023632319
-0.191400023268778
-0.191400022728568
-0.191400022654748
-0.191400022189612
-0.191400021343927
-0.191400021112143
-0.191400020807497
-0.191400019983858
-0.191400020078624
-0.191400019702219
-0.191400018701142
-0.191400018311849
-0.19140001810088
-0.191400017962291
-0.191400017780551
-0.191400017244631
-0.191400016340535
-0.191400016325435
-0.19140001615272
-0.191400015632159
-0.191400015035371
-0.191400014357263
-0.191400014279431
-0.191400013888639
-0.191400013488524
-0.191400013032264
-0.191400013109537
-0.19140001287675
-0.191400011773645
-0.191400011662948
-0.191400011767102
-0.191400010332461
-0.191400009666536
-0.191400009886482
-0.191400009693229
-0.191400009332305
-0.191400008934311
-0.191400008741628
-0.191400008718547
-0.191400008245898
-0.191400007626732
-0.191400007177682
-0.191400006797561
-0.191400006414623
-0.191400006037105
-0.191400005681843
-0.191400005342528
-0.191400005004802
-0.191400004661027
-0.191400004314684
-0.191400003965936
-0.191400003618789
-0.191400003270231
-0.191400002925322
-0.191400002579371
-0.191400002239171
-0.191400001896735
-0.191400001561659
-0.191400001221749
-0.191400000891817
-0.191400000553113
-0.191400000229186
-0.191399999889856
-0.191399999574178
-0.191399999328055
-0.191399998313258
-0.191399998217476
-0.191399998163879
-0.191399997436992
-0.191399998113637
-0.191399997802974
-0.191399996401818
-0.191399996291949
-0.191399996007223
-0.191399996536643
-0.191399996083556
-0.191399995823653
-0.191399994553535
-0.191399994777338
-0.191399994190178
-0.191399993911037
-0.191399993854137
-0.191399994213663
-0.191399993858856
-0.191399993466214
-0.191399992435909
-0.191399992565626
-0.191399992306995
-0.191399991778499
-0.191399991203013
-0.191399990932001
-0.191399990933514
-0.191399990375337
-0.19139999051613
-0.191399990930131
-0.191399990281303
-0.191399988830886
-0.191399988643236
-0.191399988416909
-0.19139998816212
-0.19139998942582
-0.191399988326885
-0.191399987420536
-0.191399987518625
-0.19139998731696
-0.191399987448105
-0.191399987548172
-0.191399986756851
-0.191399987022497
-0.191399985881977
-0.191399985621937
-0.1913999862105
-0.191399985447086
-0.191399985255076
-0.191399985053637
-0.191399984432445
-0.191399984550898
-0.191399984172049
-0.191399983551202
-0.191399983756708
-0.191399983255393
-0.191399983026889
-0.19139998290483
-0.191399982679665
-0.191399983132962
-0.191399982591109
-0.191399982634958
-0.191399982442754
-0.191399982055663
-0.19139998168716
-0.19139998139054
-0.191399981129229
-0.191399980881106
-0.191399980650194
-0.191399980436308
-0.191399980224259
-0.191399979999547
-0.191399979775446
-0.191399979590596
-0.191399979397306
-0.191399979213271
-0.191399979011914
-0.191399978827856
-0.191399978625696
-0.191399978448439
-0.191399978249569
-0.191399978083655
-0.191399977889041
-0.191399977735511
-0.191399977542705
-0.191399977401735
-0.191399977207875
-0.191399977080601
-0.191399976882548
-0.191399976771525
-0.191399976565276
-0.191399976474885
-0.191399976254306
-0.191399976191926
-0.191399975946768
-0.191399975925589
-0.191399975637327
-0.191399975682811
-0.191399975314909
-0.191399975033473
-0.191399975338201
-0.191399973959201
-0.191399973598783
-0.191399973445434
-0.191399973621574
-0.191399973991799
-0.191399973415781
-0.191399973585692
-0.19139997308989
-0.191399973990332
-0.191399974719165
-0.191399972181729
-0.191399973477742
-0.191399973174387
-0.19139997262731
-0.191399971814325
-0.191399972267012
-0.191399971523765
-0.191399970991226
-0.191399971066638
-0.191399971175991
-0.191399971792637
-0.191399971666051
-0.191399971395744
-0.191399971202465
-0.191399970512506
-0.191399970247768
-0.191399972156874
-0.191399970925789
-0.191399970594083
-0.1913999706812
-0.19139996964778
-0.191399969447352
-0.191399968976945
-0.191399970335535
-0.191399969829978
-0.191399969331776
-0.191399969580967
-0.191399969301542
-0.191399969404498
-0.191399968485356
-0.191399969346403
-0.191399968383342
-0.191399967890549
-0.191399968090066
-0.191399967925723
-0.191399968317759
-0.191399968948826
-0.191399968764412
-0.191399967711395
-0.191399967106005
-0.191399967606986
-0.191399967115861
-0.191399967462852
-0.191399966802442
-0.191399967330674
-0.191399966676814
-0.191399967096532
-0.191399967936919
-0.191399966692011
-0.191399967082828
-0.191399966400121
-0.19139996748136
-0.191399965650646
-0.191399966724349
-0.191399966305169
-0.191399965374433
-0.191399966380529
-0.191399966047052
-0.191399964789617
-0.191399965479195
-0.191399966332585
-0.191399965772532
-0.191399965120885
-0.191399965479756
-0.191399965086711
-0.191399965391881
-0.191399964613269
-0.191399965172729
-0.191399964373654
-0.191399965072291
-0.191399964147039
-0.191399963673632
-0.191399963886715
-0.191399963823594
-0.191399963921592
-0.19139996429576
-0.191399963774666
-0.191399964053402
-0.191399963452082
-0.191399964637597
-0.191399963948903
-0.191399963757825
-0.191399963933429
-0.191399962865968
-0.191399962297271
-0.191399963841875
-0.191399963499883
-0.191399962907707
-0.19139996298314
-0.191399962700898
-0.191399962513236
-0.191399961580121
-0.191399962332432
-0.191399962216116
-0.19139996171733
-0.191399962015863
-0.191399961887242
-0.191399961950891
-0.191399961373426
-0.191399963478479
-0.191399962208252
-0.19139996106149
-0.191399961599233
-0.191399961331893
-0.19139996178915
-0.191399961122889
-0.191399960186451
-0.19139996124046
-0.191399961212321
-0.19139996156892
-0.191399960701217
-0.191399959627042
-0.191399959907445
-0.191399961895043
-0.191399959908747
-0.191399959651305
-0.191399960619293
-0.191399961658799
-0.191399959338079
-0.191399959739629
-0.191399960482674
-0.191399958789487
-0.191399959067203
-0.191399958863039
-0.191399959572376
-0.191399958544447
-0.191399958635846
-0.191399960407781
-0.191399958481304
-0.191399960344953
-0.191399958282625
-0.191399958362254
-0.191399958603149
-0.191399957953704
-0.191399958342333
-0.191399957798635
-0.191399959338409
-0.191399957643184
-0.191399957347409
-0.191399959370115
-0.191399957838138
-0.191399957443151
-0.191399957233546
-0.191399958480778
-0.191399957467893
-0.191399956396327
-0.191399958586028
-0.191399956599352
-0.191399957438199
-0.191399956725523
-0.191399957386836
-0.191399956463536
-0.191399956066859
-0.191399956026212
-0.191399957469622
-0.191399956434068
-0.191399955733958
-0.191399956931139
-0.19139995536909
-0.191399956886186
-0.191399955082683
-0.191399956136652
-0.191399954978922
-0.191399955584667
-0.191399954960351
-0.191399955552188
-0.191399955019597
-0.191399954694635
-0.191399954405514
-0.19139995575357
-0.191399954512323
-0.191399954646306
-0.191399954326802
-0.191399955447422
-0.191399954348022
-0.19139995320025
-0.191399955487578
-0.191399953219078
-0.191399953844886
-0.19139995329341
-0.191399954951275
-0.191399952908496
-0.19139995380191
-0.191399952534747
-0.191399954022616
-0.191399952385865
-0.191399952983342
-0.191399952513636
-0.191399952419784
-0.191399953429796
-0.191399951829632
-0.191399953830104
-0.191399951422637
-0.191399952036707
-0.191399952506902
-0.191399951552141
-0.191399951728325
-0.191399950758737
-0.191399950688558
-0.191399952600453
-0.191399951144121
-0.191399951809065
-0.191399951029461
-0.191399951398108
-0.191399950300738
-0.191399950910056
-0.191399950381544
-0.191399950970017
-0.191399951685517
-0.19139995130108
-0.191399950485353
-0.191399950826871
-0.19139995104218
-0.191399950361963
-0.191399949794718
-0.191399949685913
-0.191399949971727
-0.191399950161983
-0.191399949578266
-0.191399949322294
-0.191399949160352
-0.191399949399488
-0.191399949716226
-0.191399949615046
-0.19139994866218
-0.191399948845241
-0.191399949444749
-0.191399949595004
-0.19139994858915
-0.191399948428871
-0.191399948569787
-0.191399948751841
-0.191399948471937
-0.191399947809829
-0.191399947453961
-0.191399947796826
-0.19139994848769
-0.191399947532762
-0.191399946231192
-0.191399946932439
-0.191399949025394
-0.191399947481412
-0.191399947540035
-0.191399947005014
-0.191399946108608
-0.191399946112503
-0.191399946330694
-0.191399947122779
-0.191399947249314
-0.19139994643438
-0.191399946394231
-0.191399946406767
-0.191399947566965
-0.191399947005699
-0.191399946208378
-0.191399947787597
-0.191399946723384
-0.191399946058957
-0.191399946700122
-0.191399945679579
-0.191399945297948
-0.19139994471764
-0.191399945493305
-0.191399945016319
-0.191399945269072
-0.191399945923678
-0.191399947412068
-0.191399944628453
-0.191399947003313
-0.191399945769915
-0.191399945995121
-0.191399945397095
-0.191399943901723
-0.191399943356518
-0.191399945265155
-0.191399946416436
-0.191399944444961
-0.191399945518814
-0.191399943772321
-0.191399945308502
-0.191399944244072
-0.19139994500189
-0.1913999443518
-0.191399943900087
-0.19139994393865
-0.191399944092188
-0.191399944250007
-0.191399944319514
-0.191399944352611
-0.191399944371391
-0.191399943643061
-0.191399946612785
-0.191399944391124
-0.191399944429682
-0.191399945486358
-0.191399944171309
-0.191399944139212
-0.191399943715842
-0.191399943296191
-0.191399944832822
-0.191399944144126
-0.191399943644297
-0.191399943831203
-0.191399944094865
-0.191399943446789
-0.191399943553739
-0.191399943860699
-0.191399944115053
-0.191399944256702
-0.19139994386536
-0.19139994405403
-0.191399945051129
-0.191399946047064
-0.191399944523003
-0.19139994520401
-0.191399944874687
-0.191399944687598
-0.19139994431209
-0.191399944070008
-0.191399945507146
-0.191399944601232
-0.191399945323465
-0.191399944425886
-0.191399945321129
-0.191399944378305
-0.191399943655037
-0.191399944004317
-0.191399945125297
-0.191399944714204
-0.191399944743465
-0.191399945053875
-0.191399945270839
-0.19139994686678
-0.191399946289531
-0.191399946773793
-0.191399945842685
-0.19139994637973
-0.191399945620945
-0.191399946613483
-0.19139994531251
-0.191399945483601
-0.191399945302432
-0.191399946047974
-0.191399946726083
-0.191399946295573
-0.191399947836108
-0.191399947444006
-0.191399947291431
-0.191399947236456
-0.19139994842117
-0.191399947413134
-0.191399946504148
-0.191399947205988
-0.191399948735096
-0.191399948612711
-0.191399949182489
-0.191399948347003
-0.191399949150182
-0.191399948708847
-0.191399950396825
-0.191399948199313
-0.191399949739075
-0.19139994921652
-0.19139994975009
-0.191399950767884
-0.191399949911737
-0.191399950861619
-0.191399950215646
-0.191399951335549
-0.191399950850426
-0.191399951792002
-0.191399951062053
-0.191399950474624
-0.19139995205573
-0.191399953533854
-0.191399952637676
-0.191399952613368
-0.19139995326882
-0.191399953252497
-0.191399954398818
-0.191399953686571
-0.19139995302129
-0.191399953673767
-0.191399954265579
-0.191399956515452
-0.191399955912758
-0.191399955505424
-0.191399956018868
-0.191399956342677
-0.191399955977964
-0.191399956452319
-0.191399957583228
-0.191399957681433
-0.191399958363122
-0.191399959160614
-0.191399959109937
-0.191399959632572
-0.191399958914973
-0.191399958477702
-0.191399959041544
-0.191399961202332
-0.191399962559497
-0.191399962714262
-0.19139995995839
-0.191399961868599
-0.19139996272617
-0.191399962550288
-0.191399963326647
-0.191399962571902
-0.19139996416153
-0.191399964123515
-0.191399964930312
-0.191399965686514
-0.191399965954997
-0.19139996648952
-0.19139996563519
-0.191399966373755
-0.191399967558126
-0.191399967437166
-0.191399969114059
-0.191399968972228
-0.191399970209973
-0.191399970239672
-0.191399970127068
-0.191399970290628
-0.191399971195587
-0.191399972660201
-0.191399972482984
-0.191399972056502
-0.191399974873997
-0.191399974786862
-0.191399975044473
-0.191399974787484
-0.191399975448134
-0.191399975920085
-0.191399977509437
-0.191399977742171
-0.19139997648235
-0.191399977389654
-0.191399979119165
-0.191399979929417
-0.191399980810994
-0.191399981469054
-0.191399981262255
-0.191399981314764
-0.191399982137522
-0.191399983368744
-0.191399984077853
-0.191399984006436
-0.191399984372754
-0.191399985345886
-0.191399986433444
-0.191399987155397
-0.191399987061467
-0.19139998783451
-0.191399989280913
-0.19139999003901
-0.191399989532431
-0.191399989644308
-0.191399992041454
-0.191399992987318
-0.191399991452349
-0.191399993046114
-0.191399994313269
-0.191399994840383
-0.191399996081378
-0.191399995821493
-0.191399997056125
-0.191399998033538
-0.191399999240535
-0.191399999013102
-0.19139999924206
-0.191400000552991
-0.191400000954641
-0.191400001338441
-0.191400001947689
-0.191400002829741
-0.191400004875046
-0.19140000586907
-0.191400006126124
-0.191400006963205
-0.191400006625404
-0.191400007276515
-0.19140000902861
-0.191400010218039
-0.191400010652278
-0.191400010927517
-0.191400011779589
-0.191400013455019
-0.191400014107694
-0.191400014399571
-0.191400014736717
-0.191400015910472
-0.191400016755372
-0.191400016483282
-0.191400018012917
-0.191400019567805
-0.191400018911734
-0.191400021427217
-0.191400022228349
-0.191400022913818
-0.191400023315046
-0.19140002341952
-0.191400024955541
-0.191400025594614
-0.19140002674948
-0.19140002739985
-0.19140002810029
-0.19140002957242
-0.191400028822506
-0.191400030943849
-0.191400032004555
-0.19140003291361
-0.19140003331882
-0.191400033922159
-0.191400035279528
-0.191400036467468
-0.191400036288235
-0.191400038040287
-0.191400038644124
-0.19140003937353
-0.191400040503308
-0.191400041537227
-0.191400042122425
-0.191400043217409
-0.191400043647163
-0.191400044112037
-0.191400045665879
-0.191400046408978
-0.191400046957285
-0.19140004832772
-0.191400050293815
-0.191400049543972
-0.191400050527503
-0.191400052599991
-0.191400052266463
-0.19140005382304
-0.191400053910783
-0.191400055941994
-0.191400055778245
-0.191400057444974
-0.191400057972405
-0.191400059643911
-0.191400059770671
-0.191400060986782
-0.191400062442415
-0.191400062634823
-0.191400063141033
-0.191400065157908
-0.191400065037725
-0.191400066186638
-0.191400067849055
-0.191400068332882
-0.191400068637992
-0.191400070328439
-0.191400070384605
-0.191400070485244
-0.191400073540786
-0.191400072590744
-0.191400074806305
-0.19140007482902
-0.191400077217335
-0.191400076255221
-0.19140007842459
-0.191400078177006
-0.191400080448185
-0.191400079864397
-0.191400082295197
-0.191400081520867
-0.19140008425213
-0.191400083286699
-0.191400085881593
-0.191400084962507
-0.191400087628406
-0.191400086948175
-0.191400089213123
-0.19140008907389
-0.191400090553106
-0.191400092058558
-0.191400091563946
-0.191400093383278
-0.191400094705651
-0.191400096054822
-0.191400096750657
-0.191400096416695
