3.06298623022859
3.06294911683577
3.06296573939632
3.0629820570648
3.06299126345368
3.0629962724537
3.06299886718636
3.06300012094791
3.06300065301704
3.06300080964862
3.06300078306818
3.06300068389661
3.0630005647855
3.06300044917186
3.06300034873008
3.06300026544415
3.06300015609222
3.06300012050413
3.06300008878614
3.06300006833432
3.06300005334913
3.06300004651553
3.06300002843315
3.06300002437592
3.06300002243059
3.06300001470444
3.06300001353361
3.06300000516494
3.06300001330682
3.06300000653883
3.06299998951139
3.0629999931919
3.06299999885796
3.06299999777085
3.06300000142919
3.06299999747516
3.06299999257009
3.06299999968553
3.06299999741907
3.06300001928378
3.06299998422075
3.06300001088564
3.06299997815013
3.06300000728167
3.06299997789384
3.06300000257955
3.06300000000472
3.06299999526677
3.0629999812683
3.06300000991546
3.06299997895374
3.06300000698128
3.06299997899175
3.06300000888085
3.06299997854371
3.06299999174864
3.06299999607604
3.06300001349337
3.06300000154027
3.06299998956302
3.06299999841445
3.06299998799603
3.06300001097798
3.06299998066214
3.06300000896877
3.06299998010992
3.06299999344689
3.06299999511971
3.06299999820667
3.06299997217547
3.06299998404041
3.06299998632032
3.06299998017034
3.06300001113947
3.0629999819776
3.06300001133998
3.0629999827077
3.063000015423
3.06299998578492
3.06300001242018
3.06299998310958
3.06300001104644
3.06299998197671
3.06300001086951
3.06299998206634
3.06299999398163
3.06300000678363
3.06299999380452
3.0630000181361
3.0629999861166
3.0629999958517
3.06299999822163
3.06300002028068
3.06299998925432
3.06299998626531
3.06300001512636
3.06299998471144
3.06299998893714
3.06300000723665
3.06299999732009
3.06300000456875
3.06299999899101
3.06300001530582
3.06300001611281
3.06299998579762
3.06299999401413
3.06300001551984
3.06299998789254
3.06299999991855
3.06300001001707
3.06299998281801
3.06299999486768
3.06300001127501
3.06299998351967
3.06300000996706
3.06299998349993
3.06300000303379
3.06300000766475
3.06299998167284
3.06299999586663
3.06300000068592
3.06300001684625
3.06299998830526
3.06300000487615
3.06300000776675
3.06299998201616
3.06300000782232
3.06299998397677
3.06299998886504
3.0629999899042
3.06300001185393
3.06299999099439
3.06299999046019
3.06300001190974
3.06299997407619
3.06299998987254
3.0630000011321
3.06299999825175
3.06299997660671
3.06300000323296
3.06299998114325
3.06299999251712
3.06300001151578
3.06299998586092
3.0630000070975
3.06300000675306
3.06299998336809
3.06300000692832
3.06299998583175
3.06299998520569
3.06300000637747
3.0629999823021
3.0630000030456
3.06299999548948
3.06299999224688
3.06300001574163
3.06299998992055
3.06300000832838
3.06299998321317
3.06300000262863
3.06300000254236
3.06299999663229
3.06300003176957
3.06300000228778
3.06300001064663
3.06299998601335
3.06299998154379
3.0629999658783
3.06299998750578
3.06299997859095
3.06299996359098
3.06299998660096
3.06299996554521
3.06299997498323
3.06299996149029
3.06299998272199
3.06299996729075
3.06299999347713
3.06299998256023
3.0629999617685
3.06299998733646
3.06299998320611
3.06299999558495
3.06299997805821
3.06299999367953
3.06300000303693
3.0629999828785
3.06300000560644
3.06299998503123
3.06300000583082
3.0629999862516
3.06300000284123
3.06299999798935
3.06300000179279
3.06299998278718
3.06300000214163
3.06299999430682
3.06299999079675
3.06299999664081
3.06300001389736
3.06299999105067
3.06300000546554
3.06299998624738
3.06299999125905
3.06300000179693
3.06299999619237
3.06299999166873
3.06300000402705
3.06299999434718
3.06300001191446
3.06299998741232
3.06299998814022
3.06299997336272
3.062999995769
3.06299996322831
3.06299998661411
3.06299998034416
3.06299997982739
3.06299999983639
3.06299998336706
3.06300000211887
3.06299998462862
3.06300000172585
3.06299998454478
3.06300000318686
3.06299998568086
3.06299999971324
3.0630000032954
3.06299999508544
3.062999994114
3.0630000100836
3.06300000563722
3.0629999851621
3.06300000285379
3.06299999359853
3.06299999429348
3.06299999734206
3.06300001205061
3.06299999049563
3.06299999695515
3.06299999968518
3.06299999917968
3.06299999284737
3.06300000454669
3.06299999379436
3.06299999097683
3.06299998935073
3.06300000630156
3.06299998913925
3.06300001635059
3.06299999708946
3.06300000138473
3.06300000317381
3.06300000239224
3.06300001228323
3.06299999359435
3.06300000671644
3.06299999181552
3.06300000023921
3.06299999714625
3.06300000458323
3.0629999995359
3.06300000960022
3.06299999229046
3.06300000238604
3.06299999899505
3.06300001068191
3.06299999709898
3.06299999830472
3.06299999470332
3.06299999829301
3.06300000349983
3.0630000009618
3.06299999100933
3.06299999594094
3.06299999716847
3.06299999639774
3.06299999719018
3.06300000467695
3.06300000707499
3.06300000478313
3.06299999085447
3.06300000534232
3.06300000602079
3.06299999222405
3.06300000315586
3.06300000637731
3.06299998811762
3.06299999030504
3.06300000392783
3.06299999268641
3.06299999969874
3.06300000611911
3.06300000427992
3.06299999187355
3.06300000497448
3.06299998605585
3.06300000053772
3.06299997668445
3.06299998490817
3.06300000036265
3.06299998912986
3.06300000185124
3.06299999056359
3.06299999812748
3.06299999616246
3.06299999881192
3.063000000695
3.06299999813531
3.06300000025109
3.06300000127907
3.06300000132443
3.06300000141249
3.06300000239245
3.06300000256082
3.06300000195945
3.06300000277569
3.0630000023071
3.06300000387425
3.06300000008873
3.06300000262705
3.06300000272994
3.06300000005484
3.06299999849643
3.06300000577127
3.06300000789891
3.06300000618042
3.06300001631311
3.06300002876934
3.06300002474598
3.06300001797052
3.06300001295168
3.06300003212299
3.06300001571124
3.06300001237785
3.06300001568154
3.06300000203004
3.06300000490189
3.0630000052109
3.06300000652527
3.06300000583979
3.06300000366383
3.06300000139123
3.06300000193641
3.06300000099661
3.06300000155835
3.06299999284001
3.0629999934498
3.0629999955843
3.06300000024111
3.06299999897134
3.06300000005578
3.06300000080528
3.06300000113249
3.06300000382002
3.06300000024718
3.06299999390718
3.06300001624437
3.06300001158534
3.06300001072475
3.06300000453855
3.06300000628629
3.06300000149625
3.06300000179032
3.06300000044233
3.0630000011769
3.06300000135942
3.06300000115645
3.06300000090847
3.06299999682409
3.06299999713309
3.06299999902716
3.06299999971906
3.06300000484688
3.06300000078221
3.06299998917454
3.06299999063702
3.06299999371033
3.06299999608522
3.06299999774558
3.06300000238389
3.06299999805427
3.06300000243668
3.0629999962008
3.06300000137962
3.06299999890022
3.06300000036212
3.06300000069767
3.06300000094003
3.06300000098335
3.06300000363803
3.06299999792006
3.06299999970826
3.06300000060655
3.06300000073035
3.06300000104483
3.06299998872853
3.06299999274109
3.06299999522054
3.0629999952835
3.0629999954291
3.06299998829629
3.06299999270342
3.06299999504356
3.0629999990731
3.06299999655189
3.0629999992379
3.06299999790083
3.06299999925538
3.06300000013267
3.06300000029132
3.06300000050049
3.06299999959537
3.06300000021161
3.06300000354451
3.06300000163743
3.06300000226814
3.06300000212872
3.06300000392482
3.06300000258667
3.06300000173466
3.06300000370754
3.06300001878381
3.0630000181471
3.06300001859099
3.06300001236403
3.06300000980592
3.06300000755925
3.06300000895872
3.06300000658258
3.06300000461122
3.06299999893578
3.06299999915542
3.06300000135439
3.0630000011445
3.06300000100225
3.06300000083343
3.0630000015673
3.06300000125999
3.06300000131663
3.06300000182519
3.0630000002527
3.06299999993404
3.06299999916081
3.06300000107451
3.06300000119873
3.06300000121953
3.06300000484059
3.06300000287083
3.06300000299261
3.06300000311788
3.06300000311724
3.06300000239898
3.06300000162648
3.06300000038616
3.0630000026545
3.06300000205269
3.06300000188436
3.06299999820457
3.0629999994273
3.06299999968008
3.06300000030664
3.06300000057364
3.06300000074486
3.06300000207293
3.06300000101281
3.06300000094507
3.06300000061876
3.0630000033172
3.06300000255241
3.06300000220214
3.06299999872289
3.06300000000081
3.06300000025859
3.06300000055336
3.06300000026992
3.06299999989131
3.06300000069203
3.06299999582821
3.06299999918066
3.06299999666174
3.06299999807487
3.06299999777644
3.06299999771117
3.06300000012779
3.06300000004162
3.0630000002012
3.06300000048755
3.06300000395731
3.06300000334782
3.06300000226838
3.06300000171815
3.06300000077811
3.0630000018497
3.06300000063113
3.06300000084409
3.06299997320987
3.06299998335491
3.06299998822965
3.06299998894689
3.06299999701324
3.06299999454923
3.06299999972416
3.06300000116567
3.0629999981843
3.06300000258543
3.06300000187755
3.06300000582817
3.06300000377612
3.06300000217321
3.06300000145049
3.0630000019405
3.06299999462338
3.06299999899629
3.06299999881833
3.06299999999169
3.06300000759267
3.06300000637626
3.06300000255848
3.06299999895384
3.06300000383795
3.0630000022384
3.063000001426
3.0630000010792
3.06299999947486
3.06299999832292
3.06300000141132
3.06299999974357
3.06300000156918
3.06299999938406
3.06300000549958
3.06300000477869
3.06299999963235
3.06300000621047
3.0630000038793
3.06300000408012
3.06299999875892
3.06300000325288
3.06300000203809
3.06300000141713
3.06300000140273
3.06300000109653
3.06300000087997
3.06300000082239
3.06300000085763
3.06299998179936
3.06299999275256
3.06299999412644
3.06299999095659
3.06300000168109
3.06299999924434
3.06300000126198
3.06299999600243
3.06300000436005
3.06299999784764
3.06300000569038
3.06300000294438
3.06300000466829
3.06299999615871
3.06300000424588
3.06300000234364
3.06300000241623
3.0630000049465
3.06299999749742
3.06300000085979
3.06300000319289
3.06299999834207
3.06300000559332
3.06300000237482
3.06300000136666
3.06300000305247
3.06300000326875
3.06300000194908
3.06299999619815
3.06300000632747
3.06300000331592
3.06300000296435
3.06299999643691
3.06300000652312
3.06300000429552
3.06299999696396
3.0630000071921
3.06300000426613
3.06300000285368
3.06300000167517
3.06300000141889
3.06300000179837
3.06300000350809
3.06300000251382
3.0630000020901
3.06299999693038
3.06300000048445
3.06300000850367
3.06299999944414
3.06300000850694
3.06300000457991
3.0630000051785
3.06300000294792
3.0630000018241
3.06300000094632
3.06300000107465
3.06300000099243
3.0630000008053
3.06299999970438
3.06300000129316
3.06300000046849
3.06300000131633
3.06300000124571
3.0630000006693
3.06300000072233
3.06300000062284
3.0630000113184
3.06300000712735
3.0630000116716
3.06300000839396
3.06300000360678
3.06300000748846
3.06300000342374
3.06300000420174
3.06299999744782
3.06300000457265
3.0629999956082
3.0630000069507
3.06300000318298
3.06299999703161
3.06299999468404
3.06300000798466
3.06300000438258
3.06299999807914
3.06300000176354
3.06300000432805
3.06300000430606
3.06300000340313
3.06300000205762
3.063000001428
3.063000001671
3.06300000073635
3.06300000696749
3.06300000407826
3.06300000729713
3.06300000385003
3.06300000461263
3.06299999828797
3.06300000500408
3.06299999589752
3.06300000964145
3.06300000537726
3.06300000273593
3.06300000191482
3.06300000052554
3.06299999987835
3.06299999999349
3.06300000111513
3.0630000009645
3.0629999907305
3.06300000160699
3.06300000039695
3.06300000049885
3.0630000002424
3.06300000057159
3.06300000008718
3.06300000128496
3.06300000424625
3.06300000376392
3.06300000280606
3.06300000224556
3.06300000256945
3.06299999369287
3.06300000844726
3.0630000021667
3.0630000003748
3.06299999680759
3.06300000072662
3.06300000410093
3.06300000042205
3.06299999217118
3.0630000081646
3.06300000417578
3.06300000209021
3.06299999972032
3.06300000716457
3.06300000180763
3.06300000490205
3.0629999906978
3.06300000618988
3.06300000243343
3.06300000175119
3.06299999974006
3.06300000113861
3.06300000047948
3.06299999151554
3.06300000839019
3.06300000406658
3.06300000209256
3.06300000056521
3.06299999138968
3.06300000753621
3.0630000036478
3.06299999243914
3.06300000806694
3.06300000388321
3.06300000168974
3.06300000148755
3.06299999409021
3.06300001054064
3.06300000599109
3.06300000081394
3.06299999386966
3.06300000939738
3.0629999965474
3.06300000712463
3.06300000834449
3.06300000151528
3.06300000382527
3.06299999246715
3.06299999665985
3.06300001039479
3.06299999969658
3.06299999848596
3.06299999667764
3.06300001141472
3.06299999624289
3.06299999861804
3.06300001254416
3.06300000163726
3.06299999510899
3.06300001064725
3.06299999544944
3.06300001084335
3.06299999558876
3.06300001094516
3.06299999588585
3.06300001132785
3.06300000049337
3.06299999553448
3.06300001122826
3.06299999600852
3.06300001150934
3.06299999999367
3.06299999588629
3.06300000495674
3.06300000905645
3.06299999591393
3.06300001201286
3.062999995636
3.06300001120925
3.06299999692483
3.06300001286206
3.06299999457293
3.06300001021319
3.06300000470755
3.06300000520045
3.0630000008572
3.06300000401064
3.06299999227668
3.06299999687849
3.06300001232524
3.06299999631892
3.06300001194356
3.06299999630489
3.06299999905
3.06300001426168
3.06299999690312
3.06300001235929
3.06299999619514
3.0630000121923
3.06299999601294
3.06300001240319
3.06300000364075
3.06299999099962
3.06300000891311
3.06299999449254
3.06300001140538
3.06299999554189
3.06300001195336
3.06299999617024
3.06300001230944
3.06300000118884
3.06300000594704
3.06300000448884
3.06299999206242
3.06300001011349
3.06299999608777
3.06300001293416
3.06300000182022
3.06300000727624
3.06299999567896
3.06300000683223
3.06300000777233
3.06299999455978
3.06300001179327
3.06300000282451
3.06300000835863
3.06299999566526
3.06300001362086
3.06300000773158
3.06299999366048
3.06300000544948
3.0630000082136
3.06300000339766
3.06300000396146
3.06299999122083
3.0629999960715
3.06300001469503
3.062999997232
3.06300001304032
3.06300000597763
3.06299999318265
3.06300001105382
3.0629999951373
3.06300001175337
3.06299999596251
3.06300001261596
3.06299999614359
3.06300001250856
3.06300000380032
3.06299999398229
3.06300001175123
3.06299999534146
3.06299999823128
3.0630000144787
3.06300000191216
3.06300000589063
3.06299999143446
3.06300000981909
3.06299999441867
3.06300001199448
3.06299999464428
3.06300001179933
3.06299999516955
3.06300001249558
3.06300000344467
3.06300000666593
3.06300000068414
3.06300000494688
3.06299999663911
3.06300000295516
3.06300000646401
3.06299999231216
3.06300001097038
3.06299999630925
3.06300001377869
3.06299999528981
3.06300001226573
3.06300000023113
3.06300000491379
3.06299998951456
3.06300000862964
3.06299999496898
3.06300001207652
3.06299999893446
3.06300000540355
3.06299999562327
3.06300000147288
3.06299998893401
3.06299999449707
3.06300000575131
3.06300000030573
3.06299998781531
3.06300000263624
3.06300000540217
3.06299999102368
3.06299999555078
3.06300001332494
3.06299999506912
3.06300001251019
3.06300000331008
3.06299999521403
3.06300000050194
3.06299999839312
3.06300000514612
3.06299999838428
3.06300000727806
3.06299999575328
3.06300001320561
3.06299999515329
3.06300001278868
3.06299999514679
3.06300001288503
3.06299999529037
3.06300001307104
3.06299999522925
3.06300001297574
3.06299999545127
3.06300001309377
3.06299999504728
3.06300001271914
3.0629999953721
3.06300001327932
3.06300000418013
3.0630000012724
3.06300000384301
3.06299999019489
3.06300000942577
3.06299999440237
3.06300001998397
3.06300000193393
3.063000020139
3.063000009873
3.06300000730856
3.06300000260847
3.06299999717499
3.06300000629855
3.06299999216846
3.06300001165071
3.06299999524489
3.06300001458698
3.06300000301896
3.06300000764838
3.06299999287186
3.06300001216843
3.06299999514615
3.06300001363957
3.06299999587768
3.06300001400277
3.06299999588536
3.06300001389634
3.06300000384726
3.06300000571894
3.06299999117708
3.0630000111699
3.06299999362293
3.06300001181025
3.06300000060247
3.06299998824803
3.06300000962443
3.06300000343024
3.06299999087224
3.06300001150819
3.06300000628846
3.06299999684802
3.06300000312112
3.06300000705633
3.062999990951
3.06300001127079
3.06299999566812
3.06300001507898
3.06300000621683
3.06299999933858
3.063000003283
3.06300000074864
3.06300000106254
3.06299998815566
3.06300000959204
3.06300000432554
3.0630000006735
3.06300000288329
3.06299999206036
3.06300001255776
3.06300000637355
3.06299999866089
3.06300001109111
3.06299999968114
3.06300000233296
3.06300000538326
3.06300000280788
3.06299998985208
3.06300000219722
3.06299998783946
3.06299999632698
3.06299998836834
3.06299999214845
3.06299999382117
3.06300000521086
3.06300000437111
3.06299999649574
3.06299998386075
3.06299998481361
3.06299999202533
3.06299999219977
3.06299999554457
3.062999984363
3.06300000593135
3.06299999669053
3.06299999895788
3.06299999778061
3.06299998450333
3.06300000625215
3.06299999330776
3.06299998108291
3.06300000316839
3.06299999896699
3.06299999915294
3.06299998617269
3.06300000742731
3.06299998715182
3.06299997574225
3.06300000020857
3.06299999839318
3.06299999252738
3.06300000220736
3.06299999981488
3.06299999468422
3.06299999962485
3.06300000372777
3.06300000099125
3.0629999896385
3.06300001229703
3.06300000817137
3.06299999185376
3.06300001118388
3.06300000269893
3.06299999546143
3.06299999088169
3.06300001424564
3.06300001454891
3.06299999593297
3.06300001471171
3.06300000632617
3.06300000204726
3.06300001692193
3.0630000127183
3.06299999777986
3.0630000101061
3.06300001180394
3.0630000057978
3.06300000223573
3.0630000045268
3.06299999027183
3.06300001067394
3.06300000625919
3.06300000323531
3.06300000366351
3.06299999579061
3.06300000109507
3.06300000567141
3.06299999044835
3.06300001073871
3.06300000623236
3.06299999199629
3.06299997937811
3.06300002070776
3.0629999997816
3.06300001504215
3.06299999529325
3.06300001440797
3.06299999466734
3.06300001385563
3.06299999683198
3.0630000085168
3.06300000856737
3.06299999105035
3.06300001672163
3.06300000455855
3.06300000800462
3.06299999182489
3.0630000140033
3.06300000711312
3.06299999050742
3.062999995638
3.06300001523006
3.06300000346591
3.06300000612178
3.0629999958199
3.06300000416047
3.06300001330065
3.06299999736105
3.0630000196658
3.063000001087
3.06300001168479
3.06300002291296
3.06300001061983
3.06300000891831
3.06300000426054
3.06299999980143
3.06300001094719
3.06299999932787
3.06300001254891
3.06299999104861
3.06299999191974
3.0629999831964
3.06300000096629
3.06299998840388
3.06300000466348
3.06300000145344
3.06299999018577
3.06300000098379
3.06299999429943
3.06300000222728
3.06300000409377
3.06300000832763
3.06300000410641
3.06300000317126
3.06300000156871
3.06300000212064
3.06300000168027
3.06300000474548
3.06300000153943
3.06300000891221
3.06300001096616
3.06300000673435
3.06299999172135
3.06300000841453
3.06300001354933
3.06299999460636
3.06300000916983
3.06299999115008
3.06300000812313
3.06299998940807
3.0630000119392
3.06300000076321
3.063000007432
3.06299999752202
3.06300000588968
3.06299998985155
3.06300001274852
3.06300000586893
3.06300000424157
3.06299999578708
3.06300000192449
3.06299999614128
3.06300000350673
3.063000001412
3.06300000040022
3.06300000180428
3.06300000019602
3.06299999166335
3.06300000814729
3.06300000440356
3.06300000561056
3.06300000244445
3.06299999986023
3.06300000415452
3.06299998958032
3.06300001365662
3.06300000633865
3.06299998969076
3.06300000723298
3.06299999025315
3.06300001191192
3.06299999198718
3.06300001517557
3.06299999394051
3.06300001659949
3.06299999474248
3.06300001701288
3.06300000811008
3.06299999231047
3.0630000075362
3.06300000874995
3.06299999843942
3.06300000361546
3.06300000035544
3.06299999140217
3.06299998693271
3.06300000099937
3.06299998584597
3.06300001041658
3.06300000382216
3.06300000301864
3.06299998789829
3.06300001322535
3.06300000801133
3.0629999902319
3.06300000845938
3.06299999082866
3.06300001321239
3.06299999255599
3.06300001515421
3.06300000165099
3.06300000346004
3.0630000101617
3.06299999948474
3.06300000669294
3.06299999811178
3.06300000885549
3.06300000101352
3.06300000602685
3.06299998935273
3.06300000493556
3.06299998810388
3.06300001261678
3.06299999238261
3.0630000211074
3.06299999821213
3.06300002037929
3.06300000976914
3.06300000677838
3.06299999783155
3.06300000401706
3.06299999749444
3.06300000401474
3.06299998768114
3.06300000298949
3.06299998504077
3.06300001248477
3.06299999173353
3.06300001514915
3.06299999366918
3.06300001642079
3.06300000723466
3.06300000454199
3.06299998748606
3.06300001421604
3.06300000318175
3.06300000708057
3.06299998902423
3.06300001514456
3.06299999406574
3.06300001339412
3.06299999201373
3.0630000149094
3.06300000064544
3.06300000853165
3.06299998939051
3.06300001445895
3.06300000143216
3.06300001092784
3.06300000055145
3.06300000114185
3.06300000867496
3.06300000374125
3.06299999737418
3.06300000585269
3.06299998902936
3.0630000138305
3.06300000822334
3.06299999648506
3.06300001029827
3.06300000271379
3.06300000513687
3.06300000244229
3.06300000045339
3.06299999471003
3.06300000528376
3.06299998834055
3.06300001409781
3.0630000023676
3.06300000795789
3.06299998903677
3.06300001413281
3.06299999407046
3.06300001829173
3.0630000058582
3.06300001051514
3.06300000041305
3.06300000927056
3.06299999112331
3.06300001731042
3.06299999676058
3.06299997863155
3.06300000751155
3.06299999884997
3.06300000248515
3.0629999924213
3.06300001783373
3.06300001011655
3.06299999040858
3.06300001351918
3.06299999203961
3.0630000153165
3.06299999159816
3.06300001590187
3.06300000184181
3.06300000836045
3.06299998306192
3.06300001010497
3.06300000232285
3.06299998949092
3.06300001575903
3.06300000842634
3.06299998900735
3.06300001296609
3.06299999129618
3.06300001599715
3.06300000292697
3.06300000850003
3.06299998866874
3.0630000142427
3.0630000065407
3.06299999483932
3.06300001989998
3.06300001169275
3.06299999695144
3.06300002105611
3.06300001220748
3.06299999177299
3.06300001501091
3.06300001027414
3.06300000126927
3.06299998977208
3.06300001538849
3.06300000231401
3.06300000994645
3.0630000007473
3.06300000519097
3.06299998761323
3.0630000210443
3.06299999982301
3.06300002137623
3.06299999731601
3.06300002008396
3.06299999635809
3.06300002111
3.06300000658143
3.06300000951724
3.0629999897334
3.06300001554471
3.06299999333606
3.06300001778048
3.06299999426245
3.0630000183085
3.06299999431934
3.06300001824181
3.0629999951799
3.06300001892709
3.06300000520441
3.06300000134264
3.06299998437552
3.06300001405326
3.06300000418407
3.06300000524339
3.06299998754385
3.06300001374108
3.06300000211089
3.06300000630569
3.06300000343502
3.06299999794155
3.06299998775059
3.06300001421302
3.06299999968138
3.06300000160232
3.06300001091368
3.06299999054512
3.0630000161721
3.06299999368134
3.0630000178788
3.06299999469927
3.06300001728718
3.06299999674583
3.06300001167089
3.06300001017861
3.06300000297557
3.06299998597855
3.06300001270068
3.06300000633441
3.06299998743999
3.06300001574134
3.06299999430503
3.06300001866491
3.06300000596998
3.06300000813682
3.0629999889524
3.06300001175802
3.0629999914253
3.06300001709194
3.06299999418397
3.06300001800133
3.06299999492751
3.06300001810841
3.06300000338549
3.06300000779563
3.06300000216272
3.06300000190835
3.06299998566719
3.06300001292266
3.06299999204736
3.06300001742351
3.06300000869915
3.06299999085306
3.06300001709974
3.06300000901383
3.06299998944687
3.06300001441627
3.06299999284108
3.06300001807872
3.06299999966333
3.06299999952303
3.06300000297655
3.06300001480516
3.06299999540885
3.06300000362278
3.06300001193684
3.06300000425971
3.06299999999472
3.06300000195288
3.06299999779923
3.06300000371248
3.06300000061529
3.06299999886362
3.06300000264602
3.06299999179991
3.06300000579429
3.063000005701
3.06299998844466
3.06300001401871
3.06300000647849
3.06300000030348
3.0629999889471
3.06300001502257
3.06300000764469
3.06299999787463
3.06300000715439
3.06299998907671
3.06300001411178
3.06300000668237
3.06299998851317
3.06300001277637
3.06300000383441
3.06300000617774
3.06299998919409
3.06300001456759
3.06300000675447
3.06299998851169
3.06300001336122
3.06300000652162
3.06299998820052
3.06300001230099
3.06299999580256
3.06299999482005
3.06299999499115
3.06299999564547
3.06299999644162
3.06299998229976
3.06300000951405
3.0630000026315
3.06300000339675
3.06299998698395
3.06300001253872
3.06300000011848
3.06300000830395
3.06299998991126
3.06300001438175
3.06299999374767
3.0630000167222
3.06300000817433
3.06300000247347
3.0630000022539
3.06299998594953
3.06300001134926
3.0630000055339
3.06299998828956
3.06300001298655
3.06300000024748
3.06300000833952
3.06299999274162
3.06300000291087
3.06300001038064
3.06299999156501
3.06300001487732
3.06300002011715
3.06300001067121
3.06300001220261
3.06300000711143
3.06299999071096
3.06300001402838
3.06299999445757
3.06300001672642
3.06299999561769
3.06300001701992
3.06300000788477
3.06300000433729
3.0629999885425
3.06300001251114
3.0630000059484
3.06299999683689
3.06300000433271
3.06299999641377
3.06300000500512
3.0629999895879
3.06300001321328
3.06300000623306
3.06300000040154
3.06299998905622
3.06300001271505
3.06300000012041
3.06300000817393
3.06300000109811
3.06300000308326
3.06299998773551
3.06300001132749
3.0630000039206
3.06300000312231
3.0630000002428
3.06299998500056
3.06300000886145
3.06300000403747
3.06299998817034
3.06300001149686
3.06299999299301
3.0630000138281
3.06300000150944
3.06300000737023
3.06299999063337
3.06300001227017
3.06300000536296
3.06299999535584
3.06300000660538
3.06300000247031
3.06299999451754
3.06300000455818
3.06299998948083
3.06300001160448
3.06299999389398
3.0630000143981
3.06300000104782
3.06300000837455
3.06299999175991
3.06300001230926
3.06299999583905
3.06300000568971
3.06300000820813
3.06300000229645
3.06299999653921
3.06300000534226
3.06299998983907
3.06300001044255
3.062999997006
3.06299999378209
3.06299999772259
3.0629999892589
3.06299999865263
3.06299999686505
3.06299999632552
3.06300000022233
3.06299999499372
3.06300000170553
3.06299999986373
3.06299998752474
3.06300000922544
3.0629999933517
3.06300001215982
3.06300000506132
3.06300000292412
3.06299998943546
3.06300000998056
3.06299999578323
3.06300000336959
3.06300000842194
3.06299999166617
3.06300001072391
3.0630000001662
3.06300000424442
3.06299999032016
3.06300000965889
3.06300000509749
3.06299999672745
3.06299999296081
3.0630000117511
3.06299999501704
3.06300001203378
3.0630000034224
3.06300000516504
3.06299999668182
3.06300000429245
3.06299999127087
3.06300001003325
3.06299999466122
3.06300001157214
3.06300000527974
3.0629999999794
3.06299998899197
3.06300000834634
3.06300000348105
3.06300000045424
3.06300000014113
3.06299998914968
3.06300000839499
3.06300000378405
3.0630000010293
3.06300000700013
3.06299999857342
3.063000015611
3.06300000854461
3.06299999478484
3.06300001001089
3.06300000658235
3.06299999367377
3.06300001021255
3.06300000465716
3.06299999678818
3.06300000315998
3.06299999236173
3.06300000895779
3.06300000250743
3.06300000240248
3.06299999827055
3.06300000029261
3.06299998766913
3.06300000471521
3.06300000165528
3.06299999068242
3.06300000778292
3.06299999445781
3.06300000872275
3.06300000320107
3.06300000171708
3.0629999927122
3.06299999963144
3.06300000446089
3.06299999305125
3.06300000807151
3.06299999338036
3.06300000023069
3.0629999984112
3.0629999695479
3.06299999141708
3.06299999164001
3.06299998388593
3.06300000097198
3.06299999071829
3.06300000561119
3.06299999367863
3.0630000075504
3.06299999471262
3.06300000863808
3.0630000030361
3.06300000116256
3.06299999822189
3.06300000404605
3.06299999297019
3.0630000071572
3.06300000335644
3.06299999700167
3.06300000984408
3.06300000536809
3.06299999500418
3.06300000724916
3.06299999895557
3.06299999673968
3.06300000844581
3.06299999632657
3.06300000768483
3.06299999614476
3.06300000748699
3.06300000336703
3.0630000052652
3.06299999161262
3.06300000442912
3.06300000530646
3.06300000259706
3.06299999535991
3.06300000671807
3.06299999361634
3.06300000456014
3.06300000327572
3.06299999452674
3.06300000508957
3.06300000071074
3.06299999323242
3.06300000428752
3.06299999487952
3.06300000309743
3.06300000008743
3.0629999982575
3.06299999850222
3.06299999177971
3.06300000282152
3.06299997289778
3.06299998907797
3.062999991055
3.06299998825306
3.0629999897876
3.06300000090788
3.06299999335513
3.06300000377585
3.06300000072373
3.06299999483425
3.06300000328763
3.06300000041164
3.06299999979646
3.0629999977403
3.06299999868492
3.06299999874191
3.06299999792996
3.06300000637957
3.06300000305392
3.06299999651444
3.06300000245473
3.06299999562612
3.06300000455695
3.06299999879817
3.06300000160323
3.06299999410214
3.06300000288725
3.06300000021432
3.06299999946553
3.06299999597613
3.06300000215392
3.06300000408938
3.0630000010107
3.06300000062592
3.06299999981344
3.06299999919097
3.06300000466723
3.06300000226346
3.06300001017579
3.06300000704132
3.06300000148331
3.06300000632685
3.06299999978165
3.06300000385565
3.06300000135115
3.06300000008062
3.06299999974743
3.06299999640062
3.06300000386141
3.06300000167867
3.06299999835015
3.06300000241492
3.06300000187644
3.06300000089566
3.06299999844398
3.06299999945117
3.06300000172914
3.06300000023732
3.06300000019628
3.06299999942155
3.06299999726014
3.06299999853751
3.06299999727539
3.06300000330832
3.06300000058629
3.06300000161529
3.06300000110645
3.06299999963039
3.06300000327317
3.06300000545094
3.06300000257522
3.06300000028758
3.0630000002727
3.06299999939375
3.06299999897935
3.06299998257053
3.06299998835907
3.06299998410848
3.06299998968962
3.06299999162109
3.06299998465609
3.06299998753014
3.06299999177556
3.0629999928717
3.06299999319715
3.06299999516623
3.06299999226559
3.06299999525975
3.06299999611169
3.06299999116095
3.06299999416103
3.06299999086771
3.06299999311493
3.0629999880978
3.06299999053523
3.0629999968931
3.06299999809481
3.06300000215663
3.06300000130409
3.06299999823897
3.06299999786504
3.06299999857026
3.06299999689532
3.06299999505625
3.06299998251419
3.06299999096567
3.0629999916848
3.06299999809694
3.06299999654649
3.06299999933277
3.06299999864259
3.06300001321031
3.06300000691898
3.0630000084785
3.06300000791723
3.06300000873472
3.06300000804368
3.06300000264258
3.06300000441066
3.06299999989085
3.06300000283462
3.06299999861229
3.06300000204426
3.06299999781838
3.06300000860135
3.06300000439563
3.06300000633923
3.06300000035969
3.06299999754816
3.06299999385151
3.06299999652763
3.06299998450873
3.06299998966062
3.06299999257092
3.06299999326337
3.06299999799881
3.06299999286938
3.06299999881852
3.06299999390151
3.06300000335567
3.06299999729624
3.06299999805597
3.06299999917202
3.06300000105596
3.06300000049714
3.06299999996143
3.06300000611351
3.06299999799772
3.06299999573127
3.06299999050487
3.06299999249661
3.06299999892377
3.06299999266637
3.06299999934232
3.06299999290604
3.06300000019052
3.06299999314193
3.06299999593121
3.06299999671676
3.06300000056893
3.0629999925797
3.06299999153924
3.06299998736646
3.06299999260768
3.06299998936416
3.06299999114786
3.06299999491682
3.06299999185739
3.06299999633004
3.06299998886877
3.0629999926632
3.06299999110881
3.06299999932479
3.06299999771504
3.0629999911908
3.06299999225477
3.06300000126467
3.06299999169384
3.06300000096527
3.06299999125256
3.06300000145348
3.06299999139867
3.06300000220331
3.06299999177151
3.06300000090546
3.06299999391872
3.06299999341235
3.06299999698752
3.06299999740794
3.0629999988202
3.06299999763598
3.06299998582949
3.06299997843414
3.06299998436965
3.06299999659684
3.06299998865658
3.06300000144838
3.06299998962829
3.06300000354218
3.06299999276009
3.06299999666994
3.06299999733073
3.06300000983332
3.06299999480656
3.06300000891918
3.06300000109258
3.06300001461759
3.0629999978623
3.0630000257546
3.06300000587887
3.0630000068341
3.06300001491376
3.06299999273075
3.06300000573301
3.06299998885333
3.06299999890958
3.06299999686014
3.0629999956987
3.06300000716313
3.06299999168083
3.06300000575476
3.06299999194048
3.06300000488947
3.06299998882088
3.06299999556238
3.06299999290168
3.06299999616636
3.06299999171101
3.06299999961496
3.06299999344236
3.06300000062572
3.06299998531839
3.06299998814432
3.06299999869912
3.06300000093371
3.06299998548247
3.0630000019449
3.06299998622805
3.06300000282564
3.06299998658937
3.06300000359834
3.06299998874192
3.06299998913853
3.06300000450824
3.06299999146937
3.06299998417037
3.06300000140229
3.06299998470668
3.06300000190406
3.0629999853759
3.06300000323984
3.06299998574914
3.06299999897406
3.06299998483289
3.0629999921679
3.06300000897093
3.06299998906076
3.0630000062231
3.06299998865682
3.06300001822791
3.06299999329373
3.06299998349929
3.062999982804
3.06300000060382
3.06299999753737
3.06299998455387
3.06300000389332
3.06299998872808
3.06300000574873
3.06299999356054
3.0629999932276
3.06300000542702
3.06299999653267
3.0630000095174
3.062999997446
3.06300001729113
3.06299999277228
3.06300000934764
3.06299998707209
3.06300000739163
3.06299999930731
3.06300001406523
3.06299998977054
3.06299999884736
3.06299999589132
3.06300000911911
3.06299998571201
3.06299999903342
3.06299999279776
3.06300000962793
3.06300001512017
3.06299998930897
3.06300000368911
3.06299998175361
3.06300000384612
3.06299998610949
3.06300000774379
3.06299998815445
3.06300000523178
3.06300001031445
3.06299998667911
3.06300001065782
3.06299998655853
3.06300001312053
3.06299998924079
3.06300001385039
3.06299998842317
3.06300001784242
3.06299999137539
3.0630000151453
3.06299998890761
3.06300001489813
3.06299998855496
3.06300001554545
3.06299998883024
3.06300001562708
3.06299998869068
3.06300000852836
3.06299998336007
3.06300002147144
3.06299999300838
3.06300002685667
3.06300000878533
3.06299998364767
3.06300000053865
3.0630000013752
3.06300005851939
3.06300001861438
3.06300003279861
3.06299999206485
3.06300000413285
3.06299998950028
3.06300001180203
3.06299998807618
3.06300000824926
3.0629999953876
3.06299998837536
3.06300001396193
3.06299998572504
3.06300001830356
3.06299999069734
3.06299999783399
3.06299999905842
3.06300002248151
3.06299999107762
3.06300002020204
3.06299998967332
3.06300002114124
3.06299999065726
3.06300002616757
3.06299999428432
3.06300000061612
3.06300000065254
3.06299999435195
3.06299998826415
3.06300003237417
3.06299999771462
3.0630000273778
3.06300001266299
3.06300001330089
3.06299998753724
3.06299999367747
3.06299999383506
3.06299999321025
3.06299999905982
3.06299999193798
3.06300001437577
3.06299998321803
3.06300001184626
3.06299998196405
3.0630000128473
3.06299998278337
3.06300001477302
3.06299998408916
3.06300001681566
3.06299998541261
3.063000018773
3.06299998666024
3.06300001567955
3.06300000307904
3.06299999619145
3.06300001674179
3.06299999766219
3.06299999878022
3.06300000051719
3.06299999138009
3.06300002768462
3.06299999181427
3.06300000249993
3.0629999980164
3.06299999457256
3.06299999020137
3.06300000285136
3.0629999983191
3.06299999937696
3.0630000200208
3.06299998256672
3.06300001052277
3.06299997756257
3.06300000880971
3.06299998214483
3.06300000783411
3.06299999279754
3.06299998643879
3.06300001532369
3.06299998260991
3.06299999682423
3.06299999304941
3.06300002031368
3.06299998816335
3.06300000773791
3.0629999948728
3.06300000110499
3.06299999823381
3.06300000154888
3.06299999996766
3.06300002588149
3.06299999076834
3.06299999800523
3.0630000024109
3.0629999999255
3.06300000200777
3.06300001615285
3.06299997924156
3.06299999518593
3.06299998913335
3.06300002182331
3.06299998601984
3.06300002338692
3.06299998773801
3.06300004265217
3.0630000025516
3.06300000623453
3.06300002129711
3.0629999954199
3.06299999330251
3.06299996392411
3.06299997947515
3.06300000737316
3.06300003651479
3.06299999783648
3.06299999351499
3.06299998460325
3.06300002484866
3.06299998962441
3.06299998292121
3.06299997975179
3.06299999140275
3.06299999381679
3.06300003058826
3.06299999086468
3.06299999812169
3.06300002026357
3.06299998493574
3.06300001318323
3.0630000056432
3.06299997546191
3.06300000926456
3.06299997741597
3.06299999403502
3.06299999444562
3.06300000445715
3.06299999641006
3.06300001947307
3.06299998284953
3.06300001152271
3.06299997813452
3.06300000909852
3.06299997655269
3.06300000852498
3.06299997759564
3.06300000945942
3.06299997687856
3.06299999790397
3.06299998964037
3.06300000132229
3.06299999196143
3.06300001657266
3.06299997927058
3.06299998976454
3.06300001102733
3.06299999357465
3.06299998560395
3.06299999427519
3.06300000984206
3.06299999795966
3.06299998704028
3.06299999869572
3.06299999331769
3.06300001595499
3.06299997984031
3.06300000911716
3.06299997578923
3.06299998973186
3.06299999219884
3.06299999755312
3.06300000624204
3.06299999969632
3.06299999245362
3.0630000164495
3.0629999801704
3.06300000914678
3.06299997552312
3.06300000652172
3.06299997411695
3.06300000559436
3.06299997232408
3.06300000418372
3.06299997249761
3.06300000405451
3.0629999732526
3.06300000427289
3.06299997261866
3.06300000338771
3.06299997200522
3.06300000244863
3.06299997135567
3.0629999862143
3.06299999996759
3.06299998833934
3.06299999578092
3.06299999524002
3.06300001370875
3.06299997791222
3.06299998889692
3.06300000410645
3.0629999834964
3.06300000249965
3.06299998145613
3.0629999832366
3.06300001253331
3.0629999782564
3.06300001091746
3.06299997744896
3.06299999517663
3.0629999907919
3.06300001591465
3.06299998200002
3.06300001011568
3.06299997974429
3.06299999351789
3.06299998842782
3.06300001145
3.06299997809409
3.06299999880205
3.06299998671805
3.06299998569393
3.0630000127841
3.06299998338287
3.06300001141995
3.06299998222564
3.06300001155328
3.06299997124655
3.06300000280366
3.06299999715618
3.06299996849154
3.06299999392413
3.06299998402418
3.06300001096536
3.06299997825974
3.06300000667782
3.06299997555221
3.06300000482952
3.06299997439305
3.06300000353321
3.06299997354785
3.06300000395163
3.06299997522901
3.06299999327951
3.06299998997842
3.06300001174423
3.06299997871207
3.06300000396961
3.06299997381654
3.06299999304005
3.06299998883983
3.06300000723456
3.06299997407607
3.06299999306144
3.06299996529392
3.0629999830271
3.06299999292808
3.06299999350024
3.06300000943309
3.0629999771515
3.0629999951298
3.06299996811399
3.06299998067811
3.06299998899817
3.06299999405902
3.06300002093217
3.06299998535361
3.06300002011277
3.06299998504812
3.06300001427417
3.06300001790019
3.06299999733774
3.06299999953901
3.06300003757939
3.06299999785466
3.06300000454611
3.06300002520696
3.06300000528662
3.0630000045506
3.06300002380882
3.06300000487494
3.06300005199323
3.06300001067904
3.06300001344164
3.06300002179478
3.06300001110236
3.0630000296977
3.06300000954857
3.06300006134793
3.06300001621788
3.06300006821649
3.06300002212459
3.06300001899113
3.06300003401935
3.06299998958193
3.06300001226492
3.06299998388291
3.06299999148105
3.06300001232953
3.06299998249714
3.06299999833633
3.06299998953171
3.06300000761917
3.06299997927033
3.0630000012699
3.06299997353303
3.06299999017061
3.06299998722599
3.06300000455229
3.06299997747464
3.06299999265715
3.0629999854656
3.06300000120829
3.06299997547963
3.06299999441559
3.06299997155589
3.06299998933578
3.06299996826757
3.06299998157871
3.0630000063239
3.06299997371099
3.06300000058957
3.06299999764475
3.06299997503753
3.06299999945684
3.0629999984249
3.06299999785398
3.06299999614813
3.06299998888077
3.06299999030742
3.06300001710612
3.06299998878709
3.06300000192251
3.06300004006155
3.06300002297243
3.06300003818905
3.06300001397005
3.06300003569487
3.0630000150706
3.06300000919968
3.06300002477071
3.06299998942721
3.06300001078855
3.06299998574738
3.06300000915072
3.0629999850962
3.063000008659
3.06299998498505
3.06300000844851
3.06299998563101
3.0630000085293
3.06299998540159
3.06300000834314
3.06299998527854
3.06300000550381
3.06299999561819
3.06300001453569
3.06299998995152
3.06300001201153
3.06299998872154
3.06300001389139
3.06299999023421
3.06300001044745
3.06299998231387
3.06300000395835
3.06299998363699
3.06300000485725
3.06299998589056
3.06299999956141
3.0629999927677
3.06300000954147
3.06299998797676
3.06300000617935
3.06299998586566
3.06300000651846
3.06299998676876
3.06300001205363
3.06299999087676
3.06299999847264
3.06300000553575
3.06300000782123
3.06300000347096
3.06300000725787
3.06299998818248
3.0630000088555
3.06299998948634
3.06300000901295
3.06299999531593
3.06299999422683
3.06299999647957
3.06300001348082
3.06299999288315
3.06299999958147
3.06299999755853
3.06300001144999
3.06299999157301
3.06300000197153
3.0630000156041
3.0629999951475
3.06300001001883
3.06299999202723
3.06300000920079
3.06299999167641
3.06300000728764
3.06299999191731
3.06300000047459
3.06300000591857
3.06299999022513
3.06300000539155
3.06299999642903
3.06299999487403
3.06300000199645
3.06299999826779
3.06300000839234
3.06299999329908
3.06300000503061
3.06299999101882
3.06299999844768
3.06299998639574
3.06299999637073
3.0629999905544
3.06300000208693
3.0629999894504
3.06300000507368
3.06299999200381
3.06300000560348
3.06299999637122
3.0629999960043
3.06300000841345
3.06299999561231
3.06300000187944
3.06300000560723
3.06299999334467
3.06300000750238
3.0630000018018
3.0629999995144
3.06300001191307
3.06299999814613
3.06300000913623
3.06299999733278
3.0630000034596
3.06299999692318
3.06300000694654
3.06300001160163
3.06299999873244
3.06300001437214
3.06300000158293
3.06300000398663
3.06300000363129
3.06300000982425
3.06299999087566
3.06300000026017
3.06299999253634
3.06300000135682
3.06299999365399
3.06300000231018
3.06299999448042
3.06300000191962
3.06299999463824
3.06300000274902
3.06299999511901
3.0629999992417
3.06299999682995
3.06300000484531
3.06300000960031
3.06300000696383
3.06300000867061
3.06299999278152
3.06299999944101
3.06300000271584
3.06299999606579
3.06300000377406
3.06300000128582
3.06299999744264
3.06300000304368
3.06299999974672
3.06299999937616
3.0630000012144
3.06300000194969
3.0630000022746
3.0630000054705
3.06300000036682
3.06299999972005
3.06299999664341
3.06300000192964
3.06300000379466
3.06300000299068
3.0630000042419
3.06300000512831
3.06300000442948
3.06300000135345
3.0630000046943
3.06300000528998
3.06299999988763
3.06300000158048
3.06300000331657
3.06300000290805
3.06300000414221
3.06300000225819
3.06300000283135
3.06300000331047
3.06300000279539
3.06300000292145
3.06300000209544
3.06300000175372
3.06300000162318
3.0630000010181
3.0630000012121
3.06299999922036
3.06300000041052
3.06299999876381
3.06299999986599
3.06299999568043
3.06299999843581
3.06299999645749
3.06299999795323
3.06299999612441
3.06299999542356
3.06299999260249
3.06299999553304
3.06300000947107
3.0630000072123
3.0630000051483
3.06300000262014
3.06300000511222
3.0630000013935
3.0630000042645
3.06300000163876
3.06300000041341
3.06300000196605
3.06300000045099
3.0630000016243
3.06300000180298
3.0630000038067
3.06300000302758
3.06299999705914
3.0630000028877
3.06300000627857
3.06300000513867
3.06299999404631
3.06300000044809
3.06299999333324
3.0630000010586
3.06299999651649
3.06300000336737
3.06300000253122
3.06299999698705
3.06300000445847
3.06299999744057
3.06300000491082
3.06299999688196
3.06300000470253
3.06300000265979
3.06299999666057
3.06300000262741
3.06300000374532
3.06300000346873
3.06300001071301
3.06300000334478
3.06300000149761
3.0629999980702
3.06300000959976
3.06300000457174
3.06300000673141
3.0630000020967
3.06300001051251
3.06300000465292
3.06300000775646
3.06300000885574
3.06300000259895
3.06300001141481
3.06300000518591
3.06300001350388
3.06300000804353
3.06300001635724
3.06300001115169
3.06300000127026
3.06300001162946
3.06299999958653
3.063000011545
3.06300000639244
3.06300000066576
3.0630000054881
3.06300000205834
3.06300000316211
3.06299999177754
3.06300000606746
3.06299999995265
3.06300000376273
3.06299999499121
3.06299999188281
3.0630000067416
3.0629999997322
3.06299999985215
3.06299998451725
3.062999995287
3.06299998715317
3.06300000400061
3.06299999277395
3.06300000823358
3.0629999989782
3.06299999892632
3.06300001349853
3.06300000579661
3.06299999546366
3.06299998893705
3.0630000017495
3.06299998649925
3.06299999554735
3.06299997851613
3.06299999155924
3.06299998485921
3.06299999732935
3.06300000147609
3.06300000134201
3.06299999497282
3.06299999130328
3.06300001060635
3.06300000532939
3.0629999925738
3.06300000903924
3.06300001634896
3.06300000886098
3.06300000581801
3.06300000398482
3.06300000925746
3.06299999470226
3.06300001307715
3.06299999723593
3.06300001395183
3.06299999790186
3.06300001516508
3.06300000622413
3.06300000586702
3.06300000037023
3.06300000615214
3.06299999126531
3.06300001239842
3.06300001057762
3.06299999509727
3.06300001446234
3.06300000682696
3.06300000482589
3.06300000497483
3.06299999659526
3.06300000668246
3.0629999938004
3.0630000143826
3.06299999636172
3.06300001320998
3.06299999479681
3.0630000134366
3.06300000854143
3.06299999983697
3.06300000385375
3.06300000367873
3.06300000120855
3.0629999979679
3.06300000275009
3.06299998774101
3.06300001141688
3.06299999705681
3.06300000508551
3.06299999418542
3.06300000704242
3.06300000364272
3.06299998823305
3.06300001224752
3.06299999356442
3.06300001511365
3.06299999533846
3.06300001917584
3.06300000407525
3.06300000327348
3.06300001038523
3.06299999167714
3.0630000151191
3.06299999318513
3.06300001684666
3.06300001158814
3.06299998853538
3.06300001307055
3.06300000605881
3.06299998845652
3.06300001274319
3.0629999936108
3.063000016308
3.06300000788421
3.06299998990546
3.06300001478688
3.06300000463663
3.06300000580909
3.06300000199439
3.06299999832986
3.06300000257652
3.06299998719753
3.06300001379247
3.06299999232828
3.06300001692686
3.06300000623692
3.06300000642298
3.06299998809021
3.06300001980447
3.06299999671483
3.06300002033162
3.06299999613301
3.06300001985657
3.06299999517473
3.06300001921855
3.06299999442765
3.06300001877453
3.06300000366293
3.06300000832886
3.06300000195628
3.06300000340499
3.06299999709558
3.06300000820875
3.06299998953751
3.0630000166851
3.06300000579772
3.06300000731912
3.06299998786884
3.06300001470793
3.0630000044316
3.06300000580253
3.06299998799538
3.06300001636702
3.06300000888768
3.06299999634763
3.06300000426797
3.06300000268824
3.06299998578652
3.06300001493434
3.06299999200189
3.0630000187987
3.06299999364922
3.06300001965493
3.06300000971389
3.06300000401523
3.0630000011702
3.06299999003709
3.06300001883235
3.06300000866423
3.06299999258344
3.06300000224235
3.06300000051272
3.06299998304628
3.06300001371303
3.06299999072178
3.06300001849016
3.06300000276533
3.06300001149026
3.06299998910579
3.06300001767271
3.06299999233025
3.06300001971085
3.06299999060901
3.06300001837162
3.06300000865395
3.06299998625343
3.06300001510119
3.06299999025223
3.06300001866708
3.06299999164465
3.06300001889264
3.06300000462202
3.06299999446089
3.06300000451083
3.06300000116271
3.06299997813646
3.06300001088549
3.06300000438537
3.06299998372296
3.06300001472954
3.06299999065483
3.0630000189676
3.06300001090449
3.06299998809022
3.06300001783448
3.06299999569629
3.06300000498666
3.06300001635319
3.06299998895226
3.06300001830626
3.06300000845489
3.0629999857611
3.06300001572572
3.06300000799236
3.06299998632687
3.06300001712027
3.06300000578087
3.0629999835757
3.06300001542748
3.06300000702902
3.06300000103107
3.06300000196748
3.06299998947377
3.0630000048936
3.06299998912571
3.06300001966432
3.06300001043967
3.06299998788398
3.06300001825787
3.06300000759118
3.0629999965183
3.06300000889014
3.06300000601809
3.06299998480106
3.06300001660001
3.06299998785362
3.0630000180025
3.06300000842118
3.06299998521419
3.06300001641765
3.06300000371615
3.06300000652026
3.06299998462828
3.06300001736461
3.06299999118068
3.06300002031451
3.06300000471227
3.06300000901593
3.06299998607127
3.06300001690009
3.06299999347138
3.06300001237026
3.06300001169892
3.06299998737668
3.06300001821593
3.06299999132611
3.06300002120436
3.06300001207318
3.0630000084049
3.0630000039614
3.0629999962847
3.06300000949394
3.06299999400785
3.06300000711593
3.062999985285
3.06300001686247
3.06299999088596
3.06300002060489
3.06299999269632
3.06300001430815
3.06300001439786
3.06299998819291
3.0630000187664
3.06299999425349
3.06300000844875
3.06300001325103
3.06299999870081
3.06300000799533
3.06299999818852
3.06300000506327
3.06299998385479
3.06300001509435
3.06300000926868
3.06299998559173
3.06300001749554
3.06300000170126
3.06300000907525
3.06300000121529
3.06300000303792
3.06299999690821
3.06300000498984
3.06299998355303
3.06300001630199
3.06300000522909
3.06299998307424
3.06300001573089
3.06299998953303
3.06300001967714
3.06299999171902
3.06300002110319
3.06299999240754
3.06300002152172
3.06299999245503
3.0630000214621
3.06300001168616
3.06299998772553
3.0630000188943
3.06299998895261
3.06300001913141
3.06300000870463
3.06299998475882
3.06300001708692
3.0629999982512
3.06300000593125
3.06300000988107
3.06299998600122
3.06300001785698
3.06299999101623
3.06300002079392
3.06299999244556
3.06300002121827
3.06300000453898
3.06300000907314
3.06300000261668
3.06300000181808
3.06299998182698
3.06300001485704
3.06300000664638
3.06300000058048
3.06300000252761
3.06299998286135
3.06300001603764
3.06300000130071
3.06300000915918
3.06299998628184
3.06300001763835
3.06299999135952
3.063000021137
3.06300000813944
3.06300000483971
3.06299998473593
3.06300001660407
3.06300000355968
3.06299998272629
3.06300001533826
3.06299998776001
3.06300001831244
3.06300000743307
3.06299998446686
3.06300001624057
3.06299999009999
3.0630000201329
3.06300000331429
3.06300000948066
3.06300000233535
3.06300000239654
3.0629999826305
3.06300001558612
3.06299998954358
3.06300001963886
3.06300000818865
3.06299998997825
3.0629999951288
3.06300001020614
3.06300001127261
3.06299998654113
3.06300001701925
3.06299999032435
3.06300001960998
3.06300000270653
3.06300000200744
3.06300000941743
3.06299998654566
3.06300001787847
3.06300000708985
3.06299999328393
3.06300000682703
3.06300000232121
3.06300000195064
3.06299998222301
3.06300001494346
3.0630000050742
3.06300000285786
3.06299998309693
3.06300001541087
3.06300001069283
3.0629999889465
3.0630000194003
3.06299999384637
3.06300002238821
3.06300001107044
3.06299999321553
3.06300002208402
3.06300001155203
3.06299998741796
3.06300001788294
3.06300000730978
3.06299999758391
3.06300000570702
3.06300000207051
3.06300000039375
3.06299999340529
3.06300000215674
3.06300000097381
3.0629999825327
3.06300001337268
3.06299999535943
3.06299999181056
3.06300002123095
3.06300000364988
3.06300000989317
3.06299999234315
3.06299999101301
3.06300002049106
3.06300000950392
3.06300000240178
3.06299998154929
3.06300001357634
3.06300000606693
3.06299998345615
3.06300001489994
3.06300000787835
3.06299998649421
3.06300001730745
3.0630000072992
3.0630000107766
3.06299998625448
3.06300001676735
3.06300000884009
3.06300000312573
3.06300000016841
3.06299999783102
3.0630000004015
3.06299998390431
3.06300001565935
3.06299999121484
3.06300001897512
3.0630000015492
3.06300000982643
3.0629999948672
3.06300000841247
3.06300000358894
3.06300000075864
3.06300000065515
3.06300000010705
3.06299998427734
3.06300000587808
3.06300000873622
3.06299998025369
3.06300001214406
3.06300000470848
3.06299999765554
3.06299999543282
3.06300000398924
