0.639689252196033
0.639984556844386
0.640290248192886
0.640593783018763
0.640896022650233
0.641197446265666
0.641498345015358
0.641798905565331
0.642099246768925
0.64239944219849
0.642699539599804
0.642999569872602
0.643299551301001
0.64359949607389
0.643899411715894
0.644199300656192
0.644499159687651
0.644799005137549
0.645098825969655
0.645398625052515
0.64569839811828
0.645998151690328
0.646297872724937
0.646597570754081
0.646897245820395
0.647196890146884
0.647496507588979
0.6477960886829
0.648095649501297
0.648395171511135
0.648694640685147
0.648994076703111
0.649293478530833
0.649592841890455
0.649892167388565
0.650191450642987
0.650490687252781
0.650789884985795
0.651089036586269
0.651388164705119
0.65168721886002
0.651986249411896
0.652285204761857
0.652584134523391
0.652882987837293
0.653181806327142
0.653480568784426
0.653779273232136
0.654077909582985
0.654376510326378
0.654675029624766
0.654973511566258
0.655271910973384
0.655570268799979
0.65586854186811
0.65616675660009
0.656464906075555
0.656763001039107
0.657061020685815
0.657358963381224
0.657656844269984
0.657954645492349
0.658252390234843
0.658550041767845
0.658847635117106
0.659145133952466
0.659442560603695
0.659739907761727
0.660037189618034
0.660334371566677
0.660631473872299
0.660928499644378
0.661225433591784
0.661522294521874
0.661819052903423
0.662115736542537
0.662412316150061
0.662708818280919
0.663005214977852
0.663301532882689
0.663597741566166
0.663893869031025
0.664189885251855
0.664485817669261
0.664781636891563
0.665077359880662
0.665372986273154
0.665668504473639
0.665963930412375
0.666259237582344
0.66655444193665
0.666849539152643
0.667144538486272
0.667439414327782
0.667734180373095
0.668028845716033
0.668323385467462
0.66861781253525
0.668912127282526
0.669206322885414
0.669500402918859
0.669794361784865
0.670088205986275
0.670381933482412
0.670675522824734
0.670968990694543
0.671262342331886
0.671555558929892
0.67184865176543
0.672141620344144
0.672434450340245
0.672727152186
0.673019728378192
0.673312162621999
0.673604470429532
0.673896634565289
0.674188667188622
0.674480563985978
0.674772314006651
0.675063927127108
0.675355398132249
0.675646732061105
0.675937914919221
0.676228957130379
0.676519855565008
0.676810599618266
0.67710120211559
0.677391651649532
0.67768194790388
0.677972092523026
0.678262089847938
0.678551927901543
0.678841610022303
0.679131140992151
0.679420506807401
0.679709718704626
0.679998772810182
0.680287664532195
0.680576388881668
0.680864955078754
0.681153351778296
0.681441584223877
0.681729653248717
0.682017549449524
0.682305280952291
0.682592840509161
0.682880225088623
0.683167441448979
0.68345448140415
0.683741344874683
0.684028036269956
0.684314546498991
0.684600882077165
0.684887034127952
0.685173006112075
0.685458799011789
0.68574440606252
0.686029832209331
0.686315069748857
0.686600123941241
0.686884986195114
0.687169661454512
0.687454147312924
0.687738442189088
0.688022548045272
0.688306456564301
0.688590176521761
0.688873693626596
0.689157016553426
0.689440144163295
0.689723067971515
0.690005794893956
0.69028831876935
0.690570644129437
0.690852760787519
0.691134676059232
0.69141638292759
0.691697886290948
0.691979179467697
0.69226026016284
0.692541136624568
0.692821800231682
0.693102252741284
0.693382488476779
0.693662510808502
0.693942319028398
0.694221907046588
0.694501279689126
0.694780430542129
0.695059363943998
0.695338073120062
0.695616561711018
0.695894826076782
0.696172867196875
0.696450678940177
0.696728266115478
0.697005624333334
0.697282752361345
0.697559650228157
0.697836319116354
0.698112753189134
0.698388956695275
0.698664922284487
0.698940651729891
0.699216148127119
0.699491400369782
0.699766417471673
0.700041196226212
0.700315728022602
0.70059002188693
0.700864070464887
0.701137879724428
0.701411435401473
0.701684747877669
0.701957807212688
0.702230623870158
0.702503188375116
0.702775500365355
0.703047563154397
0.703319369374878
0.703590924152514
0.703862220206825
0.704133262945009
0.70440404445327
0.70467457035577
0.70494483319966
0.705214836983453
0.705484580095914
0.705754056517208
0.706023269322005
0.7062922202789
0.706560904336618
0.706829316876986
0.707097464413761
0.707365340425658
0.707632945399213
0.70790027880571
0.708167342658659
0.708434128975062
0.70870064120383
0.708966877932161
0.709232837198555
0.709498517897306
0.709763922777198
0.710029045002051
0.710293887216754
0.710558444212243
0.710822721191082
0.711086710310945
0.711350414695925
0.711613832453889
0.711876962754197
0.712139804737424
0.712402356755483
0.712664621590618
0.712926589885519
0.713188269442173
0.713449650447377
0.713710737729055
0.713971528167018
0.714232022562833
0.714492218411112
0.714752119309435
0.715011714882861
0.715271009642235
0.715530002496719
0.715788696488286
0.716047081797135
0.716305161682185
0.71656293503093
0.716820402540865
0.717077563831236
0.717334414744168
0.717590951150814
0.717847176069237
0.718103089672852
0.718358688709687
0.718613972923237
0.718868944272825
0.719123601111027
0.719377938868239
0.719631952565974
0.719885652464381
0.720139030147614
0.72039208142106
0.720644813588368
0.720897224624598
0.721149308497506
0.72140106233831
0.721652495945139
0.721903595765602
0.722154369402995
0.722404817267939
0.722654932956944
0.722904710963912
0.723154163013555
0.723403276308269
0.72365205920308
0.72390050344935
0.724148607215732
0.724396379371131
0.724643807531945
0.724890902333115
0.725137649776606
0.725384058058975
0.725630122239495
0.725875843389364
0.726121220653341
0.726366251745249
0.7266109372945
0.726855274808083
0.72709926361374
0.727342902889006
0.727586191688555
0.727829129109787
0.728071713858633
0.728313945219985
0.7285558220462
0.728797344683494
0.72903850939681
0.729279316676879
0.72951976582275
0.729759857195901
0.72999958655085
0.730238955826714
0.730477962155201
0.730716605064796
0.73095488548303
0.73119280146189
0.731430348865633
0.731667529571291
0.731904342452395
0.73214079670637
0.732376867714118
0.732612569340269
0.73284790667694
0.733082863626992
0.733317448109415
0.733551659353738
0.733785495261001
0.734018955225206
0.73425203820129
0.734484742261581
0.734717068195654
0.734949013398359
0.735180577700731
0.73541176207097
0.735642561133381
0.73587297665074
0.736103011284143
0.736332656020001
0.73656191418312
0.736790785247264
0.737019268208889
0.73724736400445
0.737475067160294
0.737702378746677
0.737929302333678
0.738155829104424
0.738381964420445
0.738607702626733
0.738833048527624
0.739057994539624
0.739282545208152
0.73950669535534
0.739730446856513
0.739953798485625
0.740176749246715
0.740399298286121
0.740621446964296
0.740843188687227
0.741064526227894
0.741285458396721
0.741505986707584
0.741726104846457
0.741945818699689
0.742165118925852
0.742384010150225
0.742602490690829
0.742820560070558
0.743038223085922
0.743255465014973
0.74347229912535
0.743688710583369
0.743904709087468
0.744120288932257
0.744335452039747
0.744550197021219
0.7447645232654
0.744978428748156
0.74519191888939
0.745404979683567
0.745617618208752
0.745829833700388
0.746041625172605
0.746252991372174
0.746463934623208
0.746674446745656
0.746884531317693
0.74709418775946
0.747303414714674
0.747512212617084
0.74772057702258
0.747928509804786
0.748136014890261
0.748343079671153
0.748549713244464
0.748755908100426
0.748961667313511
0.749166989974571
0.749371875219362
0.749576322094717
0.749780329020589
0.749983896141267
0.750187022609434
0.75038970628553
0.750591947289989
0.750793745134149
0.750995098423478
0.751196007150107
0.751396468745195
0.751596484018355
0.751796053547658
0.751995172312376
0.752193843708338
0.752392062762175
0.752589831426551
0.75278714888753
0.752984014445855
0.753180426472187
0.75337638466889
0.753571887514948
0.753766936906453
0.75396152896011
0.754155663713542
0.754349340718744
0.754542559167987
0.754735318264547
0.754927617318715
0.755119455393084
0.755310833846199
0.755501747039377
0.755692199202271
0.755882185040195
0.756071706595927
0.756260762775017
0.756449352860989
0.756637476242632
0.756825131672141
0.757012318984967
0.757199036601768
0.757385284344777
0.757571061501588
0.757756367129238
0.757941200369488
0.758125561052372
0.7583094477726
0.758492860030898
0.7586757963995
0.758858257843758
0.759040242482761
0.759221749841173
0.759402779122456
0.759583328538924
0.759763399771151
0.759942990778289
0.760122100453526
0.760300726863982
0.760478873071831
0.760656535707251
0.760833714524206
0.761010406993311
0.76118661639506
0.761362339757955
0.761537576140541
0.761712325359391
0.761886585829966
0.762060358064565
0.762233638230087
0.762406431674148
0.762578733564829
0.762750544074553
0.762921859701717
0.763092683533686
0.763263016734359
0.763432854930965
0.76360219786713
0.763771045064218
0.76393939345297
0.764107247836743
0.764274604202657
0.764441462219258
0.76460781969995
0.764773679208292
0.764939038398583
0.76510389632853
0.765268246309378
0.765432102463609
0.765595454938085
0.765758295811996
0.765920642171203
0.766082474568433
0.766243811303235
0.766404640474148
0.766564953280095
0.766724769127745
0.766884066595623
0.767042867179421
0.767201156642412
0.7673589346955
0.767516200527365
0.767672956167183
0.767829195288315
0.767984926314339
0.768140142535144
0.768294846398445
0.768449030336279
0.768602706187246
0.768755864725463
0.768908495471952
0.769060625158482
0.769212235044518
0.769363326639652
0.769513898363719
0.769663950237591
0.769813477355573
0.769962490608876
0.770110978584619
0.770258949139508
0.770406382110322
0.770553311522927
0.770699715539011
0.770845578424988
0.770990936901279
0.771135766577754
0.771280070495753
0.771423839107834
0.771567090181247
0.771709812373012
0.77185200556612
0.771993669117741
0.77213480291074
0.772275407501311
0.772415481768212
0.772555025054694
0.77269401842353
0.772832504860287
0.772970456483757
0.773107853081633
0.773244742532577
0.773381088712369
0.773516905616866
0.773652164115292
0.773786914559689
0.773921102798951
0.774054782219511
0.774187910370312
0.774320510577702
0.77445254647984
0.774584072122773
0.774715054415424
0.774845481931948
0.774975383187634
0.775104736395871
0.775233551933827
0.775361823260451
0.775489535945317
0.77561672640679
0.775743370718015
0.775869468585127
0.775995016833848
0.776120025459225
0.776244487200626
0.776368374078976
0.776491752215229
0.776614576515666
0.776736854493883
0.776858552645903
0.776979741033897
0.777100376232479
0.777220427156209
0.777339968536453
0.777458954321831
0.777577385444711
0.777695262583183
0.777812585952359
0.777929356700071
0.778045567860325
0.778161233719805
0.778276344474982
0.778390876048467
0.77850486674155
0.778618325187219
0.778731186311554
0.778843535522616
0.77895531918947
0.779066548820036
0.779177216784691
0.779287324559148
0.779396870226091
0.77950585701337
0.77961428649393
0.779722155975222
0.779829460312944
0.779936209938474
0.780042395798821
0.780148021793014
0.78025308630729
0.78035758816649
0.780461527135114
0.780564860369744
0.780667688117947
0.780769946924367
0.780871636041658
0.780972755416721
0.781073294889433
0.781173292751588
0.781272712850623
0.781371573886195
0.781469844143295
0.781567579088877
0.781664694577938
0.781761304358053
0.781857335009812
0.781952795545071
0.782047633510382
0.782141967604675
0.78223572452442
0.782328879492308
0.782421481590493
0.782513527253322
0.782604996190856
0.782695889830174
0.782786208245738
0.782875950485664
0.782965123935836
0.783053719614599
0.7831417466128
0.783229192800971
0.783316072623744
0.783402369043654
0.783488099818455
0.783573228137434
0.783657815686261
0.78374176563385
0.783825216273949
0.783908078801195
0.783990356587429
0.784072059073386
0.784153179886708
0.784233718233431
0.784313678419776
0.784393063258968
0.784471869139422
0.784550059189232
0.784627718305876
0.78470479040049
0.784781282247449
0.784857186744639
0.784932515114224
0.785007260906394
0.785081424654947
0.785155002837481
0.785228002778909
0.7853004205094
0.785372249005616
0.78544350333936
0.785514105327498
0.785584217107733
0.785653731433517
0.785722656361189
0.785790970814536
0.785858715105155
0.785925898777465
0.785992487195339
0.786058417118123
0.786123859038636
0.786188701086044
0.786252948674295
0.786316570335556
0.786379656130947
0.786442126976439
0.786504034162919
0.786565271296993
0.786626022851507
0.786686174257319
0.786745729198896
0.786804690031228
0.786863059695349
0.786920838195187
0.786977946821838
0.787034575565296
0.787090597599971
0.787146030999275
0.787200865653456
0.7872550282549
0.787308712408067
0.787361793721267
0.787414189614762
0.787466107039176
0.787517415315134
0.787568120088769
0.787618236426033
0.787667667720402
0.787716625050821
0.7877649772554
0.787812708293191
0.787859776193041
0.787906367366464
0.787952260387709
0.787997651698762
0.788042466442581
0.788086649511141
0.788130258335875
0.788173169568569
0.788215511408182
0.788257379676455
0.7882985803201
0.788339173711477
0.788379142128314
0.78841863616898
0.788457408888417
0.788495603554025
0.788533322618457
0.788570375584973
0.788606767468179
0.788642690089156
0.788677885563791
0.788712613066783
0.788746614392771
0.788780149024518
0.788812955769959
0.788845297594209
0.788876966809123
0.788907985481237
0.788938541018385
0.788968363118227
0.788997723823185
0.789026402474339
0.789054470277713
0.789081974402814
0.789108936340762
0.789135162287478
0.789160935639567
0.789185975918044
0.789210554863616
0.789234390844597
0.789257777461348
0.78928042993615
0.789302617613051
0.789324181646373
0.789345124469816
0.789365440086231
0.789385185248769
0.789404208682244
0.789422665400712
0.789440672534718
0.789457929341063
0.789474734847759
0.78949079144235
0.789506271702768
0.789521301368443
0.789535568650994
0.789549386590154
0.789562447963106
0.789575063637427
0.789586923680318
0.789598338469896
0.789609122640888
0.789619164554695
0.789628767207509
0.789637617291489
0.78964603006809
0.789653685814371
0.789660901856826
0.789667358535367
0.789673376444545
0.789678705421178
0.789683484359331
0.789687660645
0.789691091710502
0.789694094190363
0.789696336108121
0.789698151676339
0.789699282931912
0.789699865995748
0.7896997303503
0.789699094763875
0.789697886629249
0.78969592239678
0.789693532475474
0.789690463373621
0.789686847007384
0.789682468642347
0.789677682545783
0.789672269039478
0.78966609811565
0.789659454467003
0.789652244963488
0.789644407803039
0.789635983944435
0.789626805942016
0.789617065537572
0.789606905084468
0.789595960428791
0.789584591758158
0.789572580354036
0.789559818600989
0.789546642939897
0.789532689468179
0.78951831694509
0.78950316869801
0.789487604369261
0.789471258096995
0.78945449512296
0.789437066573365
0.789418915394742
0.789400355079478
0.789381009623198
0.789361097380632
0.789340770712208
0.789319745361664
0.789298168496442
0.7892758152403
0.789253056083483
0.789229515786652
0.789205572322555
0.78918084150747
0.789155704503664
0.789129776405803
0.789103445670613
0.789076428125324
0.789048863113009
0.78902063022428
0.788991853403414
0.788962390869205
0.788932374964943
0.78890181252541
0.788870478633801
0.788838754382005
0.788806241155447
0.788773338798639
0.788739646038379
0.788705555650794
0.788670780237315
0.788635458223345
0.788599360894506
0.788562872230431
0.788525589300186
0.788487924436911
0.788449564347548
0.788410674398105
0.788371127616541
0.788331024983268
0.788290150430369
0.7882487259609
0.788206910543218
0.788164455561639
0.78812122469681
0.788077562567929
0.788033337101648
0.787988325948486
0.787942759433042
0.787896809252348
0.787850042790984
0.787802893917317
0.787755072890422
0.787706561881149
0.787657510110008
0.787607831695542
0.787557642146358
0.787506778320274
0.787455432836572
0.787403344342417
0.787350878227513
0.787297597738953
0.7872439424945
0.787189476852166
0.787134638601161
0.78707899124943
0.787022972929672
0.78696614601491
0.786908949106975
0.786850943221815
0.786792568122645
0.786733386019819
0.786673835576015
0.786613475538466
0.786552749977252
0.786491359618084
0.786429368735351
0.786366818805647
0.786303488368135
0.786239793819106
0.786175313570337
0.786110466774542
0.786044823618017
0.785978820155928
0.785912166090492
0.785844928924978
0.785777072974325
0.785708566610956
0.785639576485368
0.785569808896403
0.785499690760965
0.785428776637561
0.785357509368523
0.785285549820931
0.785213074262606
0.785139819811457
0.785066216646909
0.784991812653448
0.78491705799611
0.784841497294718
0.784765585558138
0.784688866071091
0.784611795674327
0.784534055785801
0.784455771806619
0.784376707764483
0.78429730070126
0.784217095987311
0.784136545869386
0.784055375640151
0.783973422868311
0.783891128924767
0.783808223025097
0.783724535370674
0.783640508846347
0.783555872612518
0.783470556007887
0.783384709122565
0.783298344352508
0.783211202274228
0.78312372477604
0.783035454574168
0.782946845358741
0.782857623890775
0.782767761733475
0.782677369194583
0.782586377824407
0.782494822241451
0.782402508019883
0.782309865609876
0.782216615009002
0.782122762349572
0.7820283655059
0.781933206592236
0.781837720940349
0.781741628180931
0.781644841247956
0.781547632544659
0.781449735727635
0.781351355469201
0.781252439870065
0.781152931481857
0.781052669546588
0.780952077739699
0.780850712643558
0.78074901518123
0.780646619057629
0.780543665867984
0.7804401358975
0.780336161899168
0.780231620746025
0.780126429540371
0.780020740912886
0.779914411441537
0.779807591276552
0.779700177646483
0.779592215872483
0.779483509706561
0.779374485793004
0.779264795264039
0.7791545602254
0.779043852659676
0.77893237866345
0.778820583537528
0.778708190502
0.778595045348133
0.778481580017528
0.778367509145994
0.778252880548615
0.778137505810709
0.778021814576025
0.777905535104146
0.777788507478084
0.777671162331586
0.777553231780747
0.777434673863659
0.777315626893993
0.777196004717617
0.777075766661561
0.776955012189169
0.77683376971182
0.776711955311721
0.776589415368726
0.77646656184872
0.776343132997224
0.776218961624639
0.776094476222488
0.77596941048457
0.775843714916184
0.775717376797526
0.775590722769452
0.775463482835231
0.775335508701018
0.775207220778589
0.775078357555659
0.774948924696624
0.774818935086764
0.774688403678545
0.774557195799639
0.774425586451808
0.774293477771205
0.774160796726964
0.774027555704863
0.773893805053293
0.773759338384382
0.773624545766954
0.773489193180677
0.773353291285469
0.773216870048653
0.773079832494053
0.772942304326913
0.772804290064773
0.772665559649793
0.772526502340861
0.772386889689241
0.772246748746454
0.772105896110861
0.771964725539222
0.771822838153766
0.771680636378646
0.771537699742499
0.771394446881735
0.77125045950242
0.771106146485083
0.770961145655157
0.770815741385777
0.770669829455008
0.770523203768624
0.770376263409183
0.770228715988859
0.770080690592122
0.769931968431056
0.769782934894307
0.769633347848874
0.769483063710922
0.769332300934122
0.769181221377684
0.769029537125522
0.768877367793566
0.768724587356489
0.768571354901654
0.768417606875294
0.768263183813373
0.768108450648822
0.767953052322192
0.767797255267117
0.767640968781237
0.767484127511366
0.767326780667619
0.767168926556531
0.767010528141497
0.76685164472661
0.766692152318432
0.766532270350272
0.76637187907938
0.766210962196638
0.766049449591856
0.765887549745288
0.765725068753161
0.765562159438308
0.765398726767708
0.765234745036845
0.765070314406261
0.764905330214968
0.764739896335473
0.764573906159771
0.764407474141519
0.76424052789049
0.764073077671994
0.763905128120346
0.763736682143947
0.763567729256229
0.763398293006919
0.7632283534019
0.763057893754929
0.762886984154743
0.762715575729008
0.762543537109304
0.762371146223664
0.762198305067203
0.762024818599639
0.7618510191823
0.761676566604202
0.761501798439184
0.761326376433428
0.761150635919613
0.76097433804745
0.760797592167081
0.760620295258684
0.760442569429296
0.760264220511156
0.760085556601167
0.759906378215993
0.759726719041375
0.759546518464027
0.759365900585456
0.759184756329364
0.759003175695774
0.7588211058506
0.758638547793261
0.758455524820936
0.758272016711514
0.75808796481029
0.757903537800046
0.757718622146073
0.757533235991005
0.757347366292328
0.757161010422471
0.756974209700231
0.756786822397672
0.756599118030287
0.756410929578929
0.756222149649155
0.756033053255698
0.755843356333593
0.755653339038741
0.755462720673271
0.755271779363727
0.75508023912741
0.754888375157181
0.754695914242514
0.754503129546619
0.754309857200842
0.754116028809394
0.753921826407617
0.753727182682344
0.753532030568287
0.753336463589979
0.753140424517829
0.752943928788787
0.752746936927274
0.752549546837184
0.752351602703472
0.752153335856843
0.7519545959209
0.751755407055903
0.751555663811099
0.751355600406691
0.751155075311842
0.750954000490014
0.750752603321928
0.750550650399085
0.750348371560855
0.750145538538242
0.749942375166821
0.749738717944912
0.749534628920933
0.749330125467264
0.749125142909039
0.748919753291922
0.748713890564779
0.748507623734363
0.748300896851927
0.748093756951577
0.747886096357162
0.747678111404475
0.747469599505557
0.747260757176597
0.747051391255172
0.746841692214446
0.746631471745711
0.74642091966777
0.746209917009767
0.745998486328487
0.745786596393469
0.745574311790528
0.745361578135892
0.745148442606406
0.744934810264803
0.744720850210028
0.744506388710324
0.74429159407659
0.74407630125378
0.743860674350414
0.743644550570108
0.743428091334589
0.743211199595089
0.742993890336224
0.742776097035651
0.742557971154038
0.74233940974895
0.742120452644587
0.741901019512041
0.741681252090111
0.741461010978348
0.741240435242225
0.741019384593364
0.740797997107896
0.740576173188195
0.740353966155387
0.740131296047642
0.739908289182422
0.739684856891408
0.739461040035252
0.739236805308051
0.739012173202643
0.738787157333759
0.738561739565024
0.73833591115606
0.738109704410683
0.737883060294794
0.737656076926687
0.737428698356006
0.737200899875394
0.736972738606557
0.736744179011951
0.736515235852159
0.736285903118923
0.736056181173077
0.735826055842885
0.735595568568667
0.735364661546686
0.735133414560509
0.734901772552942
0.734669760334595
0.734437333294998
0.734204564741996
0.733971385927524
0.733737864112581
0.733503952662137
0.733269676091722
0.733035010857075
0.732799982121437
0.732564555015806
0.732328784198251
0.732092648249216
0.731856111172417
0.731619229528009
0.731381977681202
0.731144360520982
0.730906356720647
0.730668009096141
0.730429299639935
0.730190207942688
0.729950771628747
0.729710960538502
0.729470803399781
0.729230275557464
0.728989400523104
0.728748166365481
0.72850657693186
0.728264623404893
0.728022321809926
0.72777967129496
0.727536658223549
0.727293297887874
0.727049591609428
0.726805530226167
0.726561121389642
0.726316366448122
0.726071262648669
0.725825817982994
0.725580026065718
0.725333893266998
0.7250874112464
0.72484059332102
0.724593437180451
0.724345931802176
0.724098094314332
0.723849924981756
0.723601405643872
0.723352557687553
0.723103384103874
0.722853860650312
0.722604010212305
0.722353831519299
0.722103330675021
0.721852479588215
0.721601313901272
0.721349810730742
0.721097989361568
0.720845836427508
0.72059337904302
0.720340565368632
0.720087463123176
0.719834008775249
0.719580264655796
0.719326167845244
0.719071786087657
0.718817050637729
0.718562017915369
0.718306660577479
0.718051020020237
0.717795025264661
0.717538758124854
0.717282137311715
0.717025249022755
0.716768006950491
0.716510501611841
0.716252642849247
0.715994527212946
0.715736055022219
0.715477302266241
0.71521823989016
0.714958912751488
0.714699229590015
0.714439269016355
0.714179003122998
0.713918483412533
0.71365760797618
0.713396461958982
0.713135007233315
0.712873265122129
0.712611241653676
0.712348959627457
0.712086322637229
0.711823433016263
0.711560247349722
0.711296751258782
0.711033029036401
0.71076895027672
0.710504656639247
0.710240006923935
0.709975147621246
0.709709935434713
0.709444505153218
0.709178744929801
0.708912706824137
0.708646401458914
0.708379886816016
0.708113009507552
0.70784587627022
0.707578537963205
0.707310841018408
0.707042957014923
0.706774716397235
0.706506243271925
0.706237487519463
0.705968540519748
0.705699237882674
0.705429756317989
0.70515991808577
0.704889911322356
0.704619548630589
0.70434902232099
0.704078139014464
0.703807043900765
0.703535669113486
0.703264055927057
0.702992185369408
0.702720141475146
0.702447739075872
0.702175183020084
0.701902270946484
0.701629138797652
0.70135583382216
0.701082181783343
0.700808306041213
0.700534277231444
0.700259890971385
0.699985369737853
0.699710491570604
0.699435452537169
0.699160171528449
0.698884636968836
0.69860880779712
0.698332831084975
0.698056577506055
0.6977800504367
0.697503316459092
0.697226364507869
0.696949175884092
0.696671780635911
0.696394132333564
0.696116271597883
0.695838191242609
0.695559870593547
0.695281386098627
0.695002615142984
0.694723619728008
0.694444512139801
0.694165045443514
0.693885391238215
0.693605543237097
0.69332555824899
0.69304522159117
0.692764699334972
0.692484013488342
0.692203067749393
0.691922035246535
0.691640641978269
0.691359069647511
0.691077409840021
0.690795401186547
0.690513233159044
0.690230840884094
0.689948366769099
0.68966553901222
0.689382544961937
0.689099475127988
0.688816048276444
0.688532454487296
0.688248796359729
0.687964792162627
0.687680622669898
0.68739626229157
0.68711172126512
0.686826996599237
0.68654208714421
0.686257114543215
0.68597178347926
0.685686309193802
0.685400638829487
0.685114920968988
0.684828849124914
0.684542677121867
0.684256264666273
0.683969821490066
0.68368302651631
0.683396219163909
0.683109063731464
0.682821772328965
0.682534333134577
0.682246718396598
0.681959077017883
0.681671079543328
0.681382944713068
0.681094791277256
0.680806287728276
0.680517709078897
0.680228900773109
0.679940053747954
0.679650969440513
0.679361667074941
0.679072373511175
0.678782733143117
0.678492970860048
0.678203108401098
0.677913051978148
0.677622857055663
0.677332658919366
0.677042111176537
0.676751593411739
0.676460731048116
0.676169909904196
0.675878747149215
0.675587489937745
0.675296102152556
0.675004727633642
0.674713007213209
0.674421184822483
0.674129291775289
0.673837200487812
0.67354503474125
0.673252663659001
0.672960327769189
0.672667651836375
0.672374882137713
0.672082018705211
0.671789158564501
0.671495958045062
0.671202735346402
0.67090930682359
0.670615804690979
0.670322155531029
0.670028554147304
0.669734610735198
0.669440597417081
0.669146461047055
0.668852226083035
0.668558040637095
0.668263508909763
0.667968897771128
0.667674356675459
0.667379479052271
0.667084698353863
0.666789585362027
0.666494471611498
0.666199182136929
0.665903982834835
0.665608450748461
0.665312864953106
0.665017274061586
0.664721475006237
0.664425601589858
0.664129704059975
0.663833614657664
0.663537622740098
0.663241299542763
0.662945098619926
0.662648572318046
0.662352080863567
0.662055408741814
0.661758852876842
0.661461970735381
0.661165184836073
0.660868200104197
0.66057108063689
0.660273927200623
0.659976761522783
0.659679422486178
0.659382208346354
0.659084668998644
0.658787099558398
0.658489499794144
0.658191793789909
0.657894083450364
0.657596223586609
0.65729832607504
0.657000371188488
0.656702314602692
0.656404258961226
0.656106072143114
0.655807814760384
0.655509689879475
0.655211243829357
0.654912965517333
0.654614373296856
0.65431578396337
0.65401713821653
0.653718644123146
0.653419834399919
0.653121157789962
0.652822320223513
0.652523358006966
0.652224579209304
0.65192548886694
0.651626458227199
0.651327319824578
0.651028361625334
0.650729090727605
0.650429831794374
0.650130630389757
0.649831475994119
0.649532020788942
0.649232782049568
0.648933243486661
0.648633773661471
0.648334222761124
0.648034749382661
0.647735141176785
0.647435722741778
0.647136002279951
0.646836503151584
0.646536707436579
0.646236941514184
0.645937181030568
0.645637601219441
0.645337721563622
0.645037870090712
0.644738025960592
0.644438155514487
0.644138483740972
0.643838511644632
0.643538563764994
0.643238702355519
0.642938725606542
0.642638953546139
0.642338906460572
0.642038891202018
0.641739098449413
0.641439038347188
0.641138986261721
0.640839165106664
0.640539059310265
0.640239004335038
0.639939043715674
0.639638985283217
0.639339161731647
0.639039056930988
0.638739030505875
0.638438989600213
0.638139015370941
0.637839004248242
0.63753922727727
0.637239160012038
0.636939146269193
0.636639382516305
0.636339341546535
0.636039581110659
0.635739549329696
0.635439606128028
0.635139683159457
0.634839961665392
0.634540129740874
0.634240232874337
0.633940613569843
0.633640725859544
0.633340990254006
0.633041199137067
0.632741467846186
0.632442000961778
0.632142259133685
0.631842592979477
0.631543204018469
0.631243555108955
0.630944208479613
0.630644605180195
0.630345321635467
0.630045784574996
0.629746574773656
0.629447113209805
0.629147768162712
0.628848474894344
0.628549347009531
0.628250138222764
0.627951227039028
0.627652059058679
0.62735299010408
0.627054211548646
0.626755190192874
0.626456269299264
0.626157653167837
0.625858794833253
0.625560166349888
0.625261669531951
0.624962939348083
0.624664565888049
0.624365957519759
0.624067707237765
0.623769223487692
0.623470950278245
0.623172656325821
0.622874697828456
0.622576499074609
0.622278431958533
0.621980463580061
0.621682791091277
0.621384885477523
0.621087338393769
0.620789557874678
0.620491913775438
0.620194603464046
0.619897082271801
0.619599668421238
0.61930259817314
0.619005303084193
0.61870837748493
0.618411232695872
0.618114239620707
0.617817374562066
0.617520587030021
0.617224133719724
0.616927458140905
0.616631156747753
0.616334637791353
0.616038268056459
0.615742163593408
0.615446216714241
0.615150065577715
0.614854313988855
0.614558358480279
0.614262576400058
0.613967149153159
0.613671518444431
0.613376068910673
0.613080721914482
0.612785546769057
0.612490450833616
0.612195452237257
0.611900799004838
0.611605950501629
0.611311256901604
0.611016933016089
0.610722410773978
0.61042829087705
0.610133980414581
0.609839951748185
0.609545923480628
0.609252290621092
0.608958468391771
0.608664838932025
0.60837133962904
0.608078217764704
0.607784910661239
0.607491782412111
0.607198845415386
0.606906002771694
0.606613304857952
0.60632074802292
0.606028325538989
0.605736061244682
0.605443916245589
0.60515189909025
0.604860255778915
0.604568432437196
0.604277027837393
0.603985453757375
0.603694080582218
0.603402898309536
0.603111848399468
0.602821192636388
0.602530367686819
0.602239736018537
0.601949513225178
0.601659126917296
0.601368950373094
0.601078942337955
0.600789163521356
0.600499471334857
0.600209955465987
0.599920602313642
0.599631415367458
0.599342390855177
0.599053759647175
0.59876497060281
0.598476622277865
0.598188128114543
0.597900045186915
0.597611945455019
0.597323985642876
0.597036384862751
0.596749008057198
0.596461501238693
0.596174235922387
0.59588727730105
0.595600371549855
0.59531367234194
0.595027168172102
0.594740943242289
0.5944547793716
0.594169048994451
0.593883184111196
0.593597615828987
0.593312162802928
0.593027155967348
0.592742024044089
0.592457366230999
0.59217268797774
0.59188811916591
0.591604030430458
0.591319826562889
0.591035883291224
0.590752390819067
0.590468782953082
0.590185446388635
0.589902306459906
0.589619622151968
0.589336822656295
0.589054279529694
0.588772187508661
0.588489990333723
0.58820820518812
0.587926583661505
0.587644999577076
0.587363744664522
0.587082866392588
0.58680189508686
0.586521203337644
0.586240975514305
0.585960655048557
0.5856808384301
0.58540093506092
0.585121381365386
0.584841974151387
0.584563050030994
0.584284040721802
0.584005312120361
0.583727053745792
0.583448714564973
0.583170883763454
0.582892978449699
0.582615592558543
0.582338136144618
0.5820612045247
0.581784205845954
0.581507734873666
0.581231198927751
0.580955033965135
0.580679031225001
0.580403528978731
0.580127960617934
0.579852915090679
0.57957780889764
0.579303069875978
0.579028506464293
0.57875426609757
0.578480272736174
0.578206468090497
0.577933155483241
0.577659785515113
0.57738693899052
0.57711404375845
0.576841684944477
0.576569282435743
0.57629719555087
0.576025423395349
0.575753875633987
0.575482602595111
0.575211596651713
0.574941076577041
0.574670510175394
0.574400470502925
0.574130395128396
0.57386063390089
0.573591389040851
0.573322120503831
0.573053381469024
0.57278462203547
0.572516408865549
0.572248175071048
0.571980288591352
0.571712678181186
0.571445585928675
0.571178468636314
0.570911900116374
0.570645311983175
0.570379059836502
0.570113158622111
0.569847482297309
0.569582158418378
0.569317055540115
0.569052465806518
0.568787863093331
0.568523640763139
0.568259650651672
0.567996187483549
0.567732948762033
0.56746978051016
0.56720687909969
0.566944538655724
0.566682207282955
0.566420441728036
0.566158686073817
0.565897505424662
0.565636337918704
0.565375747544005
0.565115172928888
0.564855129486879
0.564595235120775
0.564335601337216
0.564076327958803
0.563817352556131
0.563558719639689
0.563300371429566
0.563042551790384
0.562784745846459
0.562527286960469
0.562270371590535
0.562013480162939
0.561757160452254
0.561500871703734
0.561245166234113
0.560989496889575
0.560734214761147
0.560479253641865
0.56022484356576
0.559970467062829
0.559716541434334
0.559462835908905
0.559209694255481
0.55895659313464
0.558704075571908
0.558451606828607
0.558199515467456
0.557947990178663
0.557696512899706
0.557445625325795
0.557194791390827
0.556944436781393
0.556694345624564
0.55644456477667
0.556195352801058
0.555946204622402
0.555697638740612
0.555449137175142
0.555201237352894
0.554953404984927
0.554706032351947
0.554458935559611
0.554212288831459
0.553965891056589
0.553719932991123
0.553474234128885
0.553229101281987
0.552984038300967
0.552739367669623
0.552495191016288
0.552251409149024
0.552007713481412
0.551764629475042
0.551521633180973
0.551279252537374
0.551036962248163
0.550795288987398
0.550553769095256
0.550312573934925
0.550071983663204
0.549831551758182
0.54959143711464
0.549351927535626
0.549112515448229
0.548873719227773
0.548635031983721
0.548396956722746
0.548158986866008
0.547921642442888
0.547684406451684
0.547447600573448
0.5472113821085
0.546975270995201
0.546739779843025
0.546504404256723
0.546269650722628
0.546035013704146
0.545800857731824
0.545567031503445
0.545333805246934
0.545100902933188
0.544868130781388
0.544636000332494
0.544403998102601
0.544172575150425
0.543941393741012
0.54371059585127
0.543480287221134
0.543250276345828
0.543020764851088
0.542791527715175
0.542562895808995
0.542334392977286
0.542106518229377
0.541878778799736
0.54165154165247
0.541424633603121
0.541198340490055
0.540972184250093
0.540746509787733
0.540521192055079
0.540296485721434
0.540071919629208
0.53984787037235
0.539624133737744
0.539400830858101
0.539178125740988
0.538955565362359
0.538733641563183
0.538511869022147
0.538290742568057
0.538069774903231
0.537849456526508
0.537629299523811
0.537409724291551
0.537190610789354
0.536971670451359
0.536753387138875
0.536535272027194
0.536317817773764
0.53610054189237
0.535883914391066
0.535667458781934
0.535451664896232
0.535236044837294
0.535021086931375
0.534806303962748
0.534592184587097
0.534378242143958
0.534164964508527
0.533951865792438
0.533739433284411
0.533527181536694
0.533315597969793
0.533104196402414
0.532893463363644
0.532682916035386
0.532473038584559
0.532263353386842
0.532054148150625
0.531845470441723
0.531637134301819
0.531429436972123
0.531221927903204
0.531015080307858
0.53080842640484
0.530602312248674
0.530396576609224
0.530191489128358
0.529986596632204
0.52978232151981
0.529578388553263
0.529374826819242
0.529171926227414
0.528969226911062
0.528767201398677
0.528565381019849
0.528364063662324
0.528163200194383
0.527962983388056
0.527762969463991
0.527563625824822
0.527364491490299
0.527166036854968
0.526967794834387
0.526770237716382
0.526572895486844
0.52637606781897
0.526179699637904
0.525983861783903
0.52578841026669
0.525593611743643
0.525399025773469
0.525204980645718
0.52501134604857
0.524818215445461
0.52462552367382
0.524433319183091
0.524241567887861
0.524050284016795
0.523859499895178
0.523669119920645
0.52347938664492
0.523289876246313
0.523101048288462
0.522912449954834
0.522724545335662
0.522536873961714
0.522349901776106
0.522163165168189
0.521977130879242
0.52179133396977
0.521606241559467
0.521421388116944
0.521237199545196
0.521053365554508
0.520869967849811
0.520687181520596
0.520504760218209
0.52032282430193
0.520141445162437
0.519960471791214
0.51978017341053
0.519600113739806
0.519420604444749
0.519241547647328
0.519063034655811
0.518884953427341
0.51870744771743
0.518530400069485
0.518353752039253
0.518177786452768
0.51800206938382
0.517827059934364
0.517652303820313
0.517478263096125
0.517304479242705
0.517131368901579
0.516958649002973
0.516786362205912
0.516614783418016
0.516443461877847
0.516272717082458
0.516102432235489
0.515932842795709
0.515763510117896
0.515594788559692
0.515426479182983
0.515258708601642
0.515091421723418
0.514924657277439
0.51475838323349
0.514592792786106
0.514427459349354
0.514262663004713
0.514098398252947
0.513934622461839
0.513771366495298
0.513608786915815
0.513446467806047
0.513284738069767
0.513123459371743
0.512962887676936
0.512802581264726
0.512643004042316
0.512483697122246
0.51232512918596
0.512166833997955
0.512009098581748
0.511852000296937
0.511695285838975
0.511539289547908
0.511383565512369
0.511228398984501
0.511073866450083
0.510919907597027
0.510766226186899
0.510613183550103
0.510460575105981
0.510308698179987
0.510157096240932
0.510006114795357
0.509855588623507
0.509705620043974
0.509556166871357
0.509407427906017
0.509258961181854
0.509111056302841
0.508963868373924
0.508816958932837
0.508670798329103
0.50852511706207
0.508379729398091
0.508235117921133
0.508090795297536
0.50794709001643
0.507803888081967
0.507661283908931
0.507519158808701
0.507377764032872
0.50723664916291
0.507096290174048
0.50695621656595
0.506816909690791
0.506677890829785
0.50653964396981
0.506401686756837
0.506264504350892
0.506127611974897
0.505991382689478
0.505855604802066
0.505720439643858
0.505585762582849
0.505451828670231
0.505318178682699
0.505185107423654
0.505052734252608
0.504920783718925
0.504789304267065
0.50465840386359
0.504528166304501
0.504398394449176
0.504269080894494
0.504140380491145
0.504012179071199
0.503884728768569
0.503757563981993
0.503631177131585
0.50350508063894
0.503379596261844
0.503254652137463
0.503130277578727
0.503006519743654
0.502883275575191
0.502760525182388
0.502638534401844
0.502516828706144
0.502395910033714
0.502275281781512
0.502155452218437
0.502035915483945
0.501917183031982
0.501798744118963
0.501681113207377
0.501563776470688
0.501447250080097
0.501331017983962
0.501215597832049
0.50110047243227
0.500986160934817
0.500872144328563
0.500758943231539
0.500646037248704
0.500533751409004
0.500422122447008
0.500310956759413
0.500200388677939
0.500090364642891
0.499981113694096
0.499872147951535
0.499763789547284
0.49965613198224
0.49954887249336
0.499442358219547
0.499336233939715
0.499230647197537
0.499125862931023
0.499021364630975
0.498917688950782
0.498814301986322
0.498711586683486
0.498609384989456
0.498507987073322
0.49840687417106
0.498306586365999
0.498206587799599
0.498107237128396
0.498008436870336
0.497910440849878
0.497812732484957
0.49771576294059
0.497619251561994
0.497523270762385
0.497428107490127
0.497333229042563
0.497239185852756
0.497145430129164
0.497052520289152
0.496959896966143
0.496868126863005
0.496776879581463
0.496685930724297
0.496595734019426
0.496506000463633
0.496417106931691
0.496328496317796
0.49624074009271
0.496153268590174
0.496066656929239
0.495980330040483
0.495894866847552
0.495809688232888
0.495725375830287
0.49564134751351
0.495558014692204
0.495475207106438
0.495393235913606
0.495311540156298
0.495230703753046
0.495150146630064
0.495070288689117
0.494990948584092
0.494912449093488
0.494834222507795
0.494756860459165
0.49467977566031
0.494603333427968
0.49452752382569
0.494452278348229
0.494377858292554
0.494303705103631
0.49423041724922
0.494157402190825
0.49408503024696
0.49401327221937
0.4939421122612
0.493871776702754
0.493801700767675
0.49373249902724
0.493663562318349
0.493595432881238
0.49352787248106
0.493460719308237
0.493394157767492
0.493328471375109
0.493263044150569
0.493198271670153
0.493134231051562
0.493070631608093
0.493007627275031
0.492945339532863
0.49288350387655
0.492822534878622
0.492761813908364
0.492701745477519
0.492642338209221
0.4925834623863
0.492525288803641
0.492467568630116
0.49241071961001
0.492354112845706
0.492298414237647
0.492242962573091
0.49218816653798
0.492134249366209
0.492080582841594
0.492027826350349
0.491975343357411
0.491923487305822
0.491872523095654
0.491821807677311
0.49177185746969
0.491722380774312
0.491673783136673
0.491625432290134
0.491578001120617
0.491530819403284
0.491484377914086
0.491438450734922
0.491393419465776
0.491348629696935
0.491304604215641
0.491261049233226
0.491218390194585
0.491175971124596
0.491134479071896
0.491093230795837
0.491052918349851
0.491012851066799
0.490973448059092
0.490934953719655
0.490896692234875
0.490859367451484
0.490822573113937
0.490786030303361
0.490750365789665
0.490715272321473
0.490680764215944
0.490646822576722
0.490613360317497
0.490580467556858
0.490548514804321
0.490516790098491
0.49048580180957
0.490455445949445
0.490425585504238
0.490396538790808
0.49036787483952
0.490340032925279
0.490312581414604
0.490285707304524
0.490259756586705
0.490234021574842
0.490209240146112
0.490184679343654
0.490161083618454
0.490137708497548
0.490115305726477
0.490093123265934
0.490071916266802
0.490050934740819
0.49003092285731
0.490011129345483
0.489992316657071
0.489973720535448
0.489955939641582
0.48993861012684
0.489922228021282
0.489906051843215
0.489890849842744
0.489875855946476
0.489861845763881
0.48984804330004
0.489835229263246
0.489822622376734
0.489811006961817
0.489799597917653
0.48978918190277
0.489779003021223
0.489769599245501
0.489760652445133
0.489752666249147
0.489744875547634
0.489738072111118
0.489731466617345
0.48972585652194
0.489720442899063
0.489716031139591
0.489711814533932
0.489708305637518
0.489705534152453
0.489703438176464
0.489701878464573
0.489701024488604
0.489700372163028
0.489700744853259
0.489701309386764
0.489702893219553
0.489704803539937
0.489707255331826
0.489710309486548
0.489714340018662
0.489718545471683
0.489723456597594
0.489728977867373
0.489735431933688
0.489742053708384
0.489749355031851
0.489757600858389
0.489766013560776
0.48977542915263
0.489785015388268
0.489795618714201
0.489806393540955
0.489818191820913
0.489830197228961
0.489842992238138
0.489856570293643
0.489870322262551
0.489885110186477
0.489900206265543
0.489915830640397
0.48993220076517
0.489949063117963
0.489966895848029
0.489984900075232
0.490003901380432
0.490023063929155
0.490043256734668
0.490063607480246
0.490084757003854
0.490106413019891
0.490129040361596
0.490151815179694
0.490175614046462
0.490199563529155
0.49022454977357
0.490249799358552
0.490275580923116
0.490302376265054
0.490329342445926
0.490357076992315
0.490385646868426
0.490414363412329
0.490444127222603
0.490474162790172
0.49050470708131
0.490536281219588
0.490567998632827
0.490600753210754
0.49063365485887
0.49066734085868
0.490701540600241
0.490736594414733
0.490772318759663
0.490808181311662
0.490845102595377
0.490882158835545
0.490920001544135
0.490958356059478
0.490997713442336
0.491037189565827
0.49107770599568
0.491118348228564
0.491160040979538
0.491201858741878
0.491244735420809
0.491287741106476
0.491331802593595
0.491375987133498
0.491421236092282
0.491466616167956
0.491512739906735
0.491559426610209
0.491606760099813
0.491655047962946
0.491703458099167
0.491752718639135
0.491802431987909
0.491852646170753
0.49190386854129
0.491955192918183
0.492007569989523
0.492060167738367
0.492113291645857
0.492167450435205
0.492221864786624
0.492276751978966
0.492332326958014
0.492388517099744
0.492445295234786
0.492503053976325
0.492560897890836
0.492619781971354
0.492678758901358
0.4927387985864
0.49279904506027
0.492859817464013
0.492921416907387
0.492983803704988
0.493046690849435
0.493109691125919
0.493173799660923
0.493238418691534
0.493303154468486
0.493368649409037
0.493434825253678
0.49350153110501
0.493569250355131
0.493637052633647
0.493705639417215
0.493774776458258
0.493844397428911
0.493915035483831
0.493985745558773
0.494057510742837
0.49412936659279
0.494202276978643
0.494275271951168
0.494349341722744
0.494423490203259
0.494498722263648
0.49457403820138
0.494650430312267
0.494726897549908
0.494804368864886
0.494882129601945
0.494960429094498
0.495039534574713
0.49511905212908
0.49519915435429
0.495279961632139
0.495361243588033
0.495443231515024
0.49552606418644
0.495608950075787
0.495692894180334
0.495776907032115
0.495861772546886
0.495947119705923
0.496032932370706
0.496119493418799
0.496206517419817
0.496294530231441
0.49638258997608
0.496471311345951
0.496561039386893
0.496650811446365
0.496741279221213
0.496832312259178
0.496924346583969
0.497016418862835
0.497109544192172
0.497202716810164
0.497296964307187
0.497391289111465
0.497486247116697
0.497582236339487
0.49767826468355
0.497775362653505
0.497872505639537
0.497970726992555
0.49806899449877
0.498167951887549
0.498267829574585
0.498367954884613
0.498468587751083
0.498570246143796
0.498671942864077
0.498774303438341
0.498877337188336
0.498981267436795
0.499085225283178
0.499189994921262
0.499295163737728
0.499401333379818
0.49950753000707
0.499614680775221
0.499722199230918
0.499830110488633
0.499939060441081
0.500048036534131
0.500158085544909
0.500268163705119
0.500378972775813
0.500490406119512
0.500602299860872
0.500715194088684
0.500828104560945
0.500942067723308
0.501056053931371
0.501170735340716
0.501286152962373
0.50140191525473
0.501518345301636
0.501635265143738
0.501753162778837
0.50187106694475
0.501989735281568
0.50210881472495
0.502228752985295
0.502349321455194
0.502469915935536
0.502591295170696
0.502713104706143
0.502835700779089
0.502958612592879
0.503082531364489
0.503206464579212
0.503331433907894
0.503456417244259
0.503582256283458
0.503708821526639
0.50383541120331
0.503962656881325
0.504090787141261
0.504219375354071
0.50434819641695
0.504477784976909
0.504607766492687
0.504738510589634
0.504869588946108
0.505001567567121
0.505133796864798
0.50526649585122
0.505399741519313
0.505533749380163
0.505668469411316
0.505803195354717
0.50593856611769
0.506074912162536
0.506211258221168
0.506348232870169
0.506485796462878
0.506623928964418
0.506762722570045
0.506901870941295
0.507041982405794
0.507182081988455
0.507323199845667
0.507464336312186
0.507606483910514
0.507748636933577
0.507891493860115
0.508034848910734
0.508178890755697
0.50832330532507
0.508468686621365
0.508614053737047
0.508760029724826
0.508906971532545
0.509053902233909
0.509201472782634
0.509349568876732
0.509498238749795
0.509647604481704
0.509797251171288
0.509947851864765
0.510098439300544
0.510250030697904
0.510401616308183
0.510554222781317
0.510706866968441
0.510860074785481
0.511013978265938
0.5111683119164
0.511323144080901
0.51147853076782
0.511634511653308
0.511790911581329
0.51194823071748
0.512105527921076
0.512263561234222
0.512421931752168
0.512581062383219
0.512740449412088
0.5129003953467
0.513061262654064
0.513222110412126
0.513383938606657
0.513545769317851
0.513708581285378
0.513871388332336
0.514034975443343
0.514199042871332
0.514363441224268
0.514528799039595
0.514694143259484
0.514860476667337
0.515026800182708
0.515193722698369
0.515361589255624
0.515529433284653
0.515697863963115
0.515867222879465
0.516036578703851
0.516206885701982
0.516377183953053
0.516548083348121
0.516719899853766
0.516891700747571
0.517064152666919
0.517237044401729
0.517410474281955
0.517584465236176
0.517758874519874
0.517934164724042
0.518109429147096
0.518285635084684
0.518461825906389
0.518638653535154
0.518815928704408
0.518994101890698
0.519172257203303
0.519351352194214
0.51953043602647
0.519710475780656
0.519890507448954
0.520071499208862
0.520252483489635
0.520434428098429
0.520616366091435
0.520799009025548
0.520982012921307
0.521165579688372
0.521349588398311
0.521534243142173
0.521719184224278
0.521904997603131
0.522090787464398
0.522277192710184
0.522464011760285
0.522651698001814
0.522839363300696
0.523027637261662
0.523216334286867
0.523405884435201
0.523595415208981
0.523785488590815
0.523976162521909
0.524167186073445
0.524358719564372
0.524551064147544
0.524743386089682
0.524936599131164
0.525129799361638
0.525323908173628
0.525518009933317
0.525712661481169
0.525907817805438
0.526103459063662
0.526299917918322
0.526496355345011
0.526693314505256
0.526890856483364
0.527088736922161
0.527287100469279
0.527486268811243
0.527685415071281
0.527885426344783
0.528085427553355
0.528286100436178
0.528487061368908
0.528688865518659
0.528890656494011
0.529093319658589
0.529295974517397
0.52949951371641
0.529703041736583
0.529907102689446
0.530111991999482
0.530316869151877
0.530522607472421
0.530728338786359
0.530934938581876
0.531141534031333
0.531348659972284
0.531556372276474
0.531764389033503
0.531972875854298
0.532182141941586
0.532391388744594
0.532601132591439
0.53281166620847
0.533022187687111
0.533233537782475
0.533444882723485
0.533656741831266
0.533869386762259
0.534082021735902
0.534295391174951
0.534509060965969
0.534722975378092
0.534937707334084
0.535152429370882
0.535367653388854
0.535583657074448
0.535799661658258
0.53601615939175
0.536233407360319
0.536450646631524
0.536668374247056
0.5368868662126
0.537105348640921
0.537324314581629
0.537543755515813
0.537763585192964
0.537983976518988
0.538204595222245
0.538425949936139
0.538647304202488
0.538869127994913
0.539091691732181
0.539314247887486
0.539537306958316
0.539760897695639
0.539984736998309
0.540208983514283
0.540433952642811
0.540658913245814
0.540884641219511
0.541110364211748
0.541336558265715
0.541563481454137
0.541790401406321
0.54201784550034
0.542245627406269
0.542474123582895
0.542702616646681
0.542931856715792
0.54316109919179
0.543390883370759
0.54362097871305
0.543851783222557
0.544082592596593
0.544314078296647
0.544545707146409
0.544777695404327
0.54501039353588
0.545243093361547
0.545476527160432
0.545709967334681
0.545943876917674
0.546178181191902
0.546412890586289
0.546648081242757
0.54688349875796
0.547119430270745
0.547355585918794
0.547592412620522
0.547829238866556
0.548066768706429
0.548304305419366
0.548542553165531
0.548780885083619
0.54901954846948
0.549258897707899
0.549498254618293
0.549738249076177
0.549978437197584
0.550218913580854
0.550459887739293
0.550701117402073
0.550942801008751
0.551184766653072
0.551427366240312
0.551669986995417
0.551912990617038
0.552156631194757
0.552400277492731
0.552644422204356
0.55288882404413
0.553133638731115
0.553378778587764
0.553624327800764
0.553870143193424
0.554116568618072
0.554362997292254
0.554609821981147
0.554857257339297
0.555104698432784
0.555352783387713
0.55560088130554
0.55584962834111
0.556098390849525
0.55634780225519
0.556597230247505
0.556847304790554
0.557097396154112
0.557347898479618
0.557598986447339
0.557850086793694
0.558101818494133
0.558353560698316
0.558605693497128
0.55885841573922
0.559111150022395
0.559364382988711
0.559617859363005
0.55987160704004
0.560125935217611
0.56038027610406
0.560635219341397
0.560890179792346
0.561145745569125
0.561401330743865
0.561657357078823
0.561913635082023
0.562170269293626
0.562427210287886
0.562684689001327
0.562942178218304
0.563200027034038
0.563458219243673
0.563716697366242
0.563975703307755
0.564234719130346
0.564494155898453
0.564753813384558
0.565014004928271
0.565274211730025
0.5655349776744
0.565795763354635
0.566056914679464
0.566318381462514
0.566580347367625
0.566842329109235
0.56710465588806
0.567367490179624
0.567630341384746
0.567893735433831
0.568157147515584
0.568420904460444
0.568685166139058
0.568949447451008
0.569214259263545
0.569479093085136
0.569744326712239
0.570009775548696
0.570275549024956
0.570541589948265
0.570808107388128
0.571074640939305
0.57134168342848
0.571608744800782
0.57187613371056
0.572143936490555
0.572411981513024
0.572680184373427
0.572948631736167
0.573217561639091
0.573486513079068
0.57375596107213
0.574025432847796
0.574295280427913
0.574565386870395
0.574835693380695
0.575106462564496
0.575377253401467
0.575648348197666
0.575919795322753
0.576191404576735
0.576463295734864
0.576735434954553
0.577008004129762
0.577280589616472
0.577553474692858
0.577826615266198
0.578100170746016
0.578373745656602
0.57864761007431
0.578921892320307
0.579196195625946
0.579470946333844
0.579745721112503
0.580020784872575
0.58029626234388
0.580571763099715
0.580847542093774
0.581123731931879
0.581399942962679
0.581676436342887
0.581953214440571
0.582230172407664
0.582507376475481
0.582784817686286
0.583062520710562
0.58334040247651
0.583618522751167
0.583897014681752
0.584175525999557
0.584454378074606
0.584733491088714
0.585012634972907
0.585292093102883
0.585571717153681
0.585851668311714
0.586131866718393
0.586412096671816
0.586692583851331
0.58697330902444
0.587254388297716
0.587535483995947
0.587816823680608
0.588098521738059
0.588380240577007
0.588662200928432
0.588944512110061
0.58922684421069
0.589509421999013
0.589792208437408
0.590075326890313
0.59035846506966
0.590641833175345
0.590925413145596
0.59120919633494
0.591493187499761
0.591777357920615
0.592061846231003
0.592346352690406
0.592631200845022
0.592916070591277
0.593201213218477
0.593486482181687
0.593772014247368
0.59405765961276
0.594343506043401
0.594629544387097
0.59491576189268
0.595202159502768
0.595488829227936
0.59577557258913
0.596062476347481
0.596349685697694
0.596636907795106
0.596924332899795
0.597211956959681
0.597499768158113
0.597787710105874
